0 0.916667 0.332500 0.165000 0.570000
0 0.452917 0.448750 0.405833 0.607500
0 0.704583 0.340625 0.014167 0.031250
0 0.174167 0.475625 0.165000 0.178750
0 0.806250 0.435625 0.030833 0.028750
0 0.762917 0.472500 0.017500 0.025000
0 0.783333 0.495000 0.010000 0.015000
0 0.329167 0.698125 0.260000 0.363750
0 0.809583 0.656875 0.014167 0.023750
0 0.714167 0.698125 0.018333 0.033750
0 0.686250 0.833125 0.215833 0.223750
0 0.818750 0.765000 0.015833 0.032500
0 0.867083 0.772500 0.030833 0.050000
0 0.735833 0.805625 0.015000 0.023750
0 0.671250 0.811875 0.017500 0.031250