1 0.029000 0.008000 0.030000 0.016000
1 0.110000 0.042667 0.032000 0.032000
1 0.023000 0.053333 0.026000 0.026667
1 0.983000 0.140000 0.022000 0.029333
1 0.936000 0.165333 0.020000 0.026667
1 0.982000 0.220000 0.016000 0.029333
1 0.092000 0.274667 0.032000 0.042667
1 0.599000 0.269333 0.030000 0.021333
1 0.180000 0.322667 0.028000 0.112000
1 0.622000 0.318667 0.048000 0.056000
1 0.527000 0.338667 0.026000 0.064000
1 0.483000 0.366667 0.078000 0.109333
1 0.210000 0.340000 0.020000 0.029333
1 0.654000 0.374667 0.048000 0.061333
1 0.600000 0.382667 0.028000 0.034667
1 0.200000 0.393333 0.020000 0.040000
1 0.564000 0.417333 0.024000 0.034667
1 0.658000 0.424000 0.024000 0.026667
1 0.319000 0.442667 0.046000 0.042667
1 0.624000 0.438667 0.036000 0.034667
1 0.483000 0.492000 0.054000 0.045333
1 0.656000 0.486667 0.032000 0.029333
1 0.319000 0.500000 0.038000 0.050667
1 0.857000 0.518667 0.034000 0.029333
1 0.441000 0.566667 0.058000 0.098667
1 0.640000 0.536000 0.036000 0.032000
1 0.248000 0.541333 0.020000 0.021333
1 0.563000 0.565333 0.038000 0.053333
1 0.729000 0.588000 0.026000 0.024000
1 0.289000 0.596000 0.030000 0.029333
1 0.673000 0.598667 0.026000 0.034667
1 0.735000 0.625333 0.026000 0.024000
1 0.754000 0.664000 0.032000 0.032000
1 0.276000 0.710667 0.028000 0.040000
1 0.834000 0.718667 0.032000 0.024000
1 0.617000 0.729333 0.022000 0.034667
1 0.218000 0.774667 0.056000 0.056000
1 0.297000 0.845333 0.074000 0.106667
1 0.367000 0.816000 0.022000 0.042667
1 0.662000 0.817333 0.020000 0.034667
1 0.205000 0.825333 0.030000 0.029333
1 0.210000 0.884000 0.028000 0.040000