2 0.446392 0.048110 0.105155 0.096220
2 0.693814 0.054983 0.171134 0.109966
2 0.540206 0.297251 0.181443 0.195876
2 0.788660 0.300687 0.080412 0.147766
2 0.697938 0.371134 0.068041 0.123711
2 0.147423 0.527491 0.055670 0.120275
2 0.619588 0.584192 0.101031 0.164948
2 0.716495 0.608247 0.043299 0.082474
2 0.928866 0.666667 0.059794 0.185567
2 0.380412 0.795533 0.162887 0.319588
2 0.819588 0.685567 0.055670 0.106529
2 0.169072 0.778351 0.169072 0.216495
2 0.624742 0.783505 0.074227 0.185567
2 0.794845 0.812715 0.092784 0.106529
2 0.484536 0.840206 0.057732 0.106529
2 0.246392 0.893471 0.047423 0.096220
2 0.546392 0.972509 0.078351 0.054983
2 0.630928 0.982818 0.061856 0.034364