0 0.609763 0.093565 0.158578 0.187130
0 0.022856 0.048688 0.045711 0.093988
0 0.876975 0.049534 0.103837 0.095682
0 0.722065 0.053768 0.081828 0.100762
0 0.183409 0.115157 0.089165 0.074513
0 0.062923 0.210838 0.080700 0.150720
0 0.460214 0.202794 0.119074 0.100762
0 0.825903 0.222269 0.104402 0.078747
0 0.647009 0.375529 0.184537 0.261643
0 0.797404 0.294242 0.111738 0.066892
0 0.541479 0.345893 0.121332 0.165114
0 0.281038 0.395428 0.074492 0.091448
0 0.077596 0.439881 0.108916 0.077053
0 0.443567 0.472481 0.121896 0.088061
0 0.139955 0.489839 0.067720 0.063506
0 0.224041 0.528366 0.165914 0.128704
0 0.068284 0.563506 0.136569 0.097375
0 0.454853 0.651566 0.160271 0.249788
0 0.613995 0.710415 0.124153 0.182896
0 0.879797 0.692633 0.058691 0.108383
0 0.141648 0.752752 0.116253 0.189670
0 0.204007 0.799746 0.049097 0.110923
0 0.479402 0.811600 0.067156 0.097375
0 0.295993 0.893734 0.170993 0.210838