1 0.498371 0.451770 0.045603 0.039072
1 0.521173 0.494505 0.087948 0.036630
1 0.407980 0.500611 0.037459 0.029304
1 0.418567 0.547619 0.035831 0.030525
1 0.568404 0.553114 0.045603 0.026862
1 0.504072 0.580586 0.070033 0.050061
1 0.385993 0.606227 0.058632 0.037851
1 0.289088 0.694750 0.086319 0.173382
1 0.608306 0.778999 0.219870 0.341880
1 0.464984 0.636142 0.063518 0.048840
1 0.174267 0.644689 0.042345 0.031746
1 0.407980 0.654457 0.034202 0.024420
1 0.096906 0.666667 0.037459 0.031746
1 0.207655 0.726496 0.070033 0.073260
1 0.135179 0.724054 0.042345 0.031746