2 0.774721 0.104067 0.023126 0.033493
2 0.740829 0.115431 0.011164 0.015550
2 0.685008 0.400718 0.210526 0.500000
2 0.451356 0.336722 0.006380 0.015550
2 0.513955 0.363038 0.026316 0.020335
2 0.535088 0.382177 0.014354 0.013158
2 0.543062 0.394139 0.012759 0.015550
2 0.537879 0.412679 0.007177 0.007177
2 0.499601 0.440789 0.023126 0.027512
2 0.475678 0.449761 0.010367 0.016746
2 0.535885 0.531699 0.100478 0.130383
2 0.352472 0.642943 0.189793 0.312201
2 0.494418 0.559211 0.079745 0.137560
2 0.601276 0.552632 0.004785 0.009569
2 0.603270 0.579545 0.018341 0.029904
2 0.930622 0.650120 0.047847 0.161483
2 0.678628 0.607057 0.012759 0.017943
2 0.696571 0.622608 0.021531 0.025120
2 0.563397 0.630981 0.010367 0.013158
2 0.709729 0.647129 0.022329 0.019139
2 0.247209 0.689593 0.006380 0.013158
2 0.269139 0.708732 0.016746 0.032297
2 0.258772 0.760766 0.007177 0.009569
2 0.283493 0.783493 0.008772 0.014354
2 0.312998 0.788278 0.010367 0.016746
2 0.366427 0.799043 0.016746 0.021531
2 0.316986 0.807416 0.007177 0.011962
2 0.952552 0.851077 0.019936 0.025120
2 0.969697 0.893541 0.025518 0.062201