2 0.393966 0.294488 0.381034 0.296063
2 0.293103 0.165354 0.027586 0.015748
2 0.787931 0.233071 0.031034 0.022047
2 0.770690 0.239370 0.020690 0.018898
2 0.839655 0.274803 0.034483 0.029921
2 0.875000 0.297638 0.018966 0.028346
2 0.856034 0.425984 0.039655 0.048819
2 0.210345 0.430709 0.034483 0.014173
2 0.242241 0.433071 0.022414 0.015748
2 0.293103 0.455906 0.055172 0.051969
2 0.117241 0.518110 0.127586 0.163780
2 0.712069 0.471654 0.055172 0.033071
2 0.215517 0.470866 0.020690 0.015748
2 0.167241 0.477953 0.013793 0.004724
2 0.418103 0.503937 0.029310 0.037795
2 0.746552 0.607874 0.200000 0.236220
2 0.381034 0.501575 0.031034 0.020472
2 0.231897 0.511811 0.032759 0.022047
2 0.872414 0.645669 0.158621 0.148031
2 0.225000 0.689764 0.318966 0.201575