1 0.389535 0.112403 0.096899 0.189922
1 0.130814 0.092054 0.238372 0.129845
1 0.840116 0.058140 0.040698 0.046512
1 0.518411 0.098837 0.087209 0.100775
1 0.019380 0.192829 0.031008 0.056202
1 0.802326 0.206395 0.058140 0.075581
1 0.717054 0.210271 0.058140 0.067829
1 0.777132 0.225775 0.069767 0.083333
1 0.895349 0.279070 0.085271 0.093023
1 0.630814 0.292636 0.040698 0.058140
1 0.541667 0.332364 0.114341 0.087209
1 0.413760 0.380814 0.056202 0.114341
1 0.516473 0.384690 0.071705 0.071705
1 0.625969 0.395349 0.062016 0.062016
1 0.298450 0.423450 0.131783 0.071705
1 0.686047 0.481589 0.065891 0.118217
1 0.385659 0.474806 0.062016 0.065891
1 0.896318 0.511628 0.079457 0.065891
1 0.488372 0.526163 0.089147 0.075581
1 0.980620 0.518411 0.038760 0.056202
1 0.597868 0.587209 0.094961 0.077519
1 0.468023 0.598837 0.063953 0.062016
1 0.863372 0.617248 0.052326 0.094961
1 0.931202 0.798450 0.137597 0.403101
1 0.690891 0.678295 0.060078 0.116279
1 0.099806 0.649225 0.063953 0.046512
1 0.281977 0.664729 0.114341 0.081395
1 0.567829 0.718992 0.120155 0.158915
1 0.651163 0.801357 0.058140 0.032946