2 0.425500 0.347333 0.015000 0.022667
2 0.322000 0.389333 0.036000 0.042667
2 0.466000 0.395333 0.028000 0.044000
2 0.373500 0.461333 0.019000 0.050667
2 0.284000 0.482000 0.010000 0.017333
2 0.347500 0.609333 0.037000 0.096000
2 0.265000 0.608000 0.006000 0.016000
2 0.485000 0.632000 0.022000 0.032000
2 0.504500 0.686000 0.037000 0.070667
2 0.465000 0.666667 0.014000 0.024000
2 0.296000 0.666667 0.010000 0.013333
2 0.389000 0.676000 0.024000 0.026667
2 0.427500 0.696667 0.035000 0.028000
2 0.463500 0.699333 0.025000 0.022667
2 0.435000 0.726667 0.038000 0.032000
2 0.375000 0.734000 0.022000 0.020000