1 0.910681 0.067992 0.079190 0.131799
1 0.593923 0.129707 0.300184 0.242678
1 0.348987 0.140167 0.104972 0.062762
1 0.208103 0.192469 0.095764 0.075314
1 0.723757 0.190377 0.033149 0.029289
1 0.798343 0.235356 0.060773 0.060669
1 0.192449 0.279289 0.134438 0.110879
1 0.479742 0.308577 0.068140 0.077406
1 0.777164 0.339958 0.088398 0.106695
1 0.615101 0.350418 0.055249 0.089958
1 0.368324 0.370293 0.062615 0.071130
1 0.078269 0.407950 0.068140 0.117155
1 0.652855 0.418410 0.046041 0.050209
1 0.813996 0.433054 0.099448 0.046025
1 0.947514 0.475941 0.049724 0.052301
1 0.874770 0.493724 0.073665 0.058577
1 0.701657 0.512552 0.040516 0.041841
1 0.397790 0.567992 0.110497 0.144351
1 0.791897 0.528243 0.073665 0.052301
1 0.047882 0.563808 0.040516 0.043933
1 0.604052 0.616109 0.139963 0.102510
1 0.047882 0.662134 0.051565 0.043933
1 0.153775 0.845188 0.178637 0.246862
1 0.606814 0.779289 0.104972 0.098326
1 0.599448 0.907950 0.263352 0.184100