2 0.260937 0.419704 0.050000 0.019704
2 0.561719 0.486700 0.042188 0.023645
2 0.471094 0.505419 0.064062 0.049261
2 0.382812 0.573399 0.143750 0.179310
2 0.608594 0.540887 0.035937 0.023645
2 0.459375 0.543350 0.034375 0.018719
2 0.527344 0.549754 0.032813 0.019704
2 0.545312 0.591626 0.050000 0.040394
2 0.612500 0.591133 0.040625 0.027586
2 0.105469 0.589655 0.029687 0.016749
2 0.214062 0.661084 0.037500 0.025616
2 0.518750 0.687685 0.028125 0.027586
2 0.196094 0.719704 0.039062 0.028571
2 0.260156 0.721182 0.026562 0.019704
2 0.521875 0.769951 0.031250 0.024631
2 0.353125 0.782266 0.056250 0.035468
2 0.446875 0.819212 0.046875 0.024631
2 0.317969 0.839409 0.042188 0.013793