2 0.712500 0.091429 0.021667 0.045714
2 0.689167 0.118571 0.018333 0.025714
2 0.730833 0.117143 0.011667 0.028571
2 0.696667 0.160000 0.013333 0.028571
2 0.741667 0.157143 0.013333 0.028571
2 0.751667 0.180000 0.006667 0.022857
2 0.673333 0.195714 0.016667 0.020000
2 0.740833 0.214286 0.011667 0.017143
2 0.696667 0.231429 0.013333 0.022857
2 0.461667 0.750000 0.076667 0.140000
2 0.310000 0.720000 0.016667 0.040000
2 0.338333 0.740000 0.013333 0.022857
2 0.255000 0.760000 0.010000 0.022857
2 0.278333 0.768571 0.020000 0.034286