2 0.685000 0.130000 0.012500 0.007500
2 0.698125 0.163125 0.013750 0.011250
2 0.684375 0.176875 0.013750 0.016250
2 0.449375 0.203125 0.013750 0.006250
2 0.783125 0.238125 0.021250 0.011250
2 0.528750 0.259375 0.017500 0.013750
2 0.809375 0.268125 0.018750 0.028750
2 0.515000 0.282500 0.012500 0.007500
2 0.568125 0.288125 0.008750 0.008750
2 0.650000 0.321250 0.017500 0.015000
2 0.791250 0.328125 0.012500 0.013750
2 0.889375 0.335625 0.008750 0.008750
2 0.863125 0.353750 0.008750 0.007500
2 0.680625 0.366250 0.021250 0.012500
2 0.633750 0.379375 0.010000 0.008750
2 0.648750 0.379375 0.007500 0.006250
2 0.873125 0.390625 0.013750 0.013750
2 0.720000 0.476875 0.145000 0.178750
2 0.584375 0.426250 0.056250 0.045000
2 0.854375 0.410625 0.023750 0.013750
2 0.535625 0.513750 0.043750 0.072500
2 0.400625 0.583750 0.038750 0.037500
2 0.352500 0.585000 0.017500 0.010000
2 0.610625 0.828125 0.136250 0.126250
2 0.503750 0.828125 0.010000 0.006250
2 0.863125 0.846875 0.018750 0.018750
2 0.751250 0.942500 0.170000 0.077500