2 0.731771 0.157299 0.035417 0.028884
2 0.634896 0.250585 0.023958 0.042155
2 0.604688 0.304450 0.043750 0.056206
2 0.514844 0.414520 0.036979 0.054645
2 0.644010 0.471116 0.051562 0.142857
2 0.708073 0.501561 0.053646 0.053864
2 0.298958 0.548400 0.104167 0.061671
2 0.704948 0.610851 0.053646 0.127244
2 0.467187 0.576112 0.034375 0.046838
2 0.589323 0.691257 0.114062 0.183450
2 0.304427 0.654957 0.032813 0.032787
2 0.385156 0.685792 0.033854 0.064793
2 0.282292 0.763076 0.136458 0.175644
2 0.511458 0.740047 0.071875 0.096799
2 0.424219 0.729118 0.019271 0.026542
2 0.661458 0.763856 0.021875 0.039813
2 0.610677 0.809133 0.008854 0.016393
2 0.361198 0.854801 0.035937 0.053084
2 0.532292 0.876659 0.097917 0.082748
2 0.456250 0.884465 0.038542 0.084309