2 0.476875 0.067542 0.066250 0.127580
2 0.552500 0.060976 0.010000 0.020638
2 0.077500 0.217636 0.085000 0.273921
2 0.416875 0.138837 0.026250 0.112570
2 0.378750 0.128518 0.015000 0.031895
2 0.661250 0.189493 0.017500 0.078799
2 0.593125 0.205441 0.013750 0.024390
2 0.440000 0.205441 0.010000 0.020638
2 0.426250 0.281426 0.045000 0.097561
2 0.551875 0.296435 0.023750 0.060038
2 0.386250 0.329268 0.017500 0.028143
2 0.355000 0.357411 0.020000 0.046904
2 0.522500 0.448405 0.017500 0.022514
2 0.433750 0.490619 0.017500 0.061914
2 0.381875 0.587242 0.111250 0.180113
2 0.526250 0.525328 0.017500 0.033771
2 0.381875 0.558161 0.008750 0.016886
2 0.246250 0.621013 0.060000 0.078799
2 0.512500 0.623827 0.030000 0.043152
2 0.355625 0.681989 0.013750 0.020638
2 0.513750 0.712008 0.027500 0.076923
2 0.373750 0.690432 0.007500 0.018762
2 0.392500 0.705441 0.015000 0.026266
2 0.433125 0.731707 0.013750 0.048780
2 0.813125 0.799250 0.031250 0.022514
2 0.511250 0.834897 0.035000 0.086304
2 0.230000 0.888368 0.017500 0.028143
2 0.161875 0.900563 0.031250 0.030019
2 0.073750 0.954034 0.050000 0.080675
2 0.111875 0.956848 0.013750 0.018762