2 0.480833 0.135556 0.036667 0.024444
2 0.403750 0.148889 0.064167 0.031111
2 0.485833 0.245000 0.163333 0.178889
2 0.614583 0.197222 0.022500 0.027778
2 0.632083 0.235556 0.027500 0.037778
2 0.524583 0.218333 0.000833 0.001111
2 0.535000 0.236667 0.038333 0.035556
2 0.602917 0.245556 0.034167 0.035556
2 0.690417 0.269444 0.037500 0.078889
2 0.666667 0.255556 0.025000 0.037778
2 0.364583 0.266111 0.019167 0.038889
2 0.385417 0.292222 0.024167 0.037778
2 0.333333 0.368333 0.076667 0.147778
2 0.397083 0.378889 0.022500 0.044444
2 0.699583 0.388889 0.029167 0.064444
2 0.500833 0.388889 0.020000 0.035556
2 0.242500 0.449444 0.016667 0.045556
2 0.220000 0.473889 0.015000 0.065556
2 0.570000 0.463889 0.018333 0.034444
2 0.368333 0.481111 0.035000 0.053333
2 0.453750 0.497222 0.022500 0.056667
2 0.251667 0.615000 0.053333 0.112222
2 0.436250 0.608333 0.025833 0.043333
2 0.517917 0.640000 0.070833 0.084444
2 0.305000 0.651667 0.016667 0.021111
2 0.315000 0.738333 0.015000 0.016667
2 0.365417 0.761111 0.014167 0.013333
2 0.339583 0.795000 0.019167 0.018889