1 0.318750 0.130000 0.037500 0.070000
1 0.469375 0.204167 0.118750 0.208333
1 0.314375 0.214167 0.048750 0.068333
1 0.836875 0.228333 0.041250 0.073333
1 0.736250 0.247500 0.082500 0.098333
1 0.348750 0.295833 0.077500 0.078333
1 0.949375 0.370833 0.101250 0.208333
1 0.804375 0.364167 0.106250 0.125000
1 0.519375 0.377500 0.118750 0.118333
1 0.081250 0.460000 0.057500 0.093333
1 0.824375 0.495833 0.036250 0.061667
1 0.218125 0.517500 0.151250 0.101667
1 0.994375 0.566667 0.011250 0.050000
1 0.484375 0.585000 0.068750 0.066667
1 0.808125 0.609167 0.031250 0.055000
1 0.165625 0.676667 0.148750 0.176667
1 0.964375 0.635000 0.043750 0.073333
1 0.977500 0.740000 0.045000 0.120000
1 0.921875 0.723333 0.048750 0.063333
1 0.291250 0.738333 0.042500 0.056667
1 0.257500 0.806667 0.020000 0.046667
1 0.332500 0.805000 0.030000 0.043333