2 0.571056 0.280287 0.010430 0.022587
2 0.607562 0.308008 0.046936 0.078029
2 0.644068 0.314168 0.018253 0.049281
2 0.661669 0.353183 0.024772 0.049281
2 0.688396 0.372690 0.031291 0.071869
2 0.317471 0.426078 0.035202 0.067762
2 0.702086 0.442505 0.048240 0.104723
2 0.380052 0.432238 0.043025 0.071869
2 0.661669 0.430185 0.022164 0.039014
2 0.355280 0.702259 0.181226 0.394251
2 0.722947 0.526694 0.016949 0.034908
2 0.926336 0.649897 0.032595 0.047228
2 0.260104 0.679671 0.045632 0.102669
2 0.933507 0.710472 0.015645 0.024641
2 0.851369 0.725873 0.013038 0.022587
2 0.908083 0.765914 0.016949 0.028747
2 0.857236 0.850103 0.027379 0.069815
2 0.873533 0.902464 0.018253 0.022587