1 0.972917 0.024691 0.040278 0.039506
1 0.554167 0.223457 0.055556 0.101235
1 0.521528 0.313580 0.031944 0.064198
1 0.248611 0.327160 0.044444 0.076543
1 0.479861 0.316049 0.020833 0.054321
1 0.689583 0.341975 0.031944 0.071605
1 0.142361 0.350617 0.034722 0.059259
1 0.351389 0.355556 0.025000 0.069136
1 0.455556 0.392593 0.025000 0.069136
1 0.526389 0.397531 0.030556 0.069136
1 0.314583 0.446914 0.023611 0.044444
1 0.293750 0.500000 0.026389 0.051852
1 0.160417 0.597531 0.026389 0.074074
1 0.502778 0.698765 0.044444 0.083951
1 0.022222 0.829630 0.041667 0.059259
1 0.436806 0.941975 0.029167 0.071605
1 0.930556 0.956790 0.088889 0.086420