2 0.461250 0.102431 0.062500 0.197917
2 0.375000 0.046875 0.045000 0.072917
2 0.398750 0.125000 0.032500 0.041667
2 0.496250 0.177083 0.027500 0.062500
2 0.076250 0.234375 0.102500 0.093750
2 0.280000 0.236111 0.065000 0.062500
2 0.496250 0.239583 0.047500 0.055556
2 0.613750 0.305556 0.027500 0.062500
2 0.860000 0.361111 0.055000 0.097222
2 0.082500 0.397569 0.120000 0.100694
2 0.618750 0.375000 0.027500 0.034722
2 0.523750 0.407986 0.027500 0.038194
2 0.550000 0.437500 0.025000 0.034722
2 0.532500 0.470486 0.040000 0.059028
2 0.636250 0.565972 0.102500 0.256944
2 0.912500 0.465278 0.030000 0.041667
2 0.725000 0.491319 0.020000 0.031250
2 0.472500 0.505208 0.035000 0.038194
2 0.160000 0.718750 0.030000 0.041667
2 0.458750 0.727431 0.027500 0.038194
2 0.137500 0.770833 0.025000 0.041667
2 0.483750 0.812500 0.037500 0.062500
2 0.532500 0.913194 0.050000 0.118056