1 0.348633 0.032986 0.015625 0.027778
1 0.334473 0.046007 0.010742 0.026042
1 0.423828 0.050347 0.013672 0.017361
1 0.341797 0.084201 0.015625 0.029514
1 0.217285 0.095486 0.014648 0.013889
1 0.518555 0.105903 0.013672 0.027778
1 0.501465 0.121528 0.014648 0.031250
1 0.408691 0.127604 0.010742 0.015625
1 0.479004 0.150174 0.012695 0.036458
1 0.317383 0.169271 0.015625 0.032986
1 0.341309 0.167535 0.016602 0.029514
1 0.388184 0.198785 0.012695 0.019097
1 0.248047 0.228299 0.021484 0.029514
1 0.370117 0.252604 0.017578 0.019097
1 0.501465 0.269965 0.012695 0.019097
1 0.602051 0.347222 0.028320 0.045139
1 0.580566 0.366319 0.012695 0.027778
1 0.381836 0.463542 0.019531 0.027778
1 0.498535 0.463542 0.020508 0.020833
1 0.408691 0.471354 0.018555 0.026042
1 0.286133 0.530382 0.023438 0.036458
1 0.473633 0.526910 0.017578 0.026042
1 0.662109 0.578125 0.013672 0.027778
1 0.615723 0.605903 0.022461 0.038194
1 0.442871 0.622396 0.020508 0.036458
1 0.525391 0.648438 0.021484 0.039931
1 0.381348 0.680556 0.020508 0.031250
1 0.615234 0.694444 0.027344 0.048611
1 0.537598 0.718750 0.026367 0.045139
1 0.479004 0.744792 0.020508 0.031250
1 0.619141 0.786458 0.025391 0.024306
1 0.363770 0.821181 0.012695 0.045139
1 0.458008 0.828125 0.035156 0.041667
1 0.380859 0.830729 0.017578 0.022569
1 0.422852 0.856771 0.017578 0.029514
1 0.559082 0.878472 0.030273 0.031250
1 0.464355 0.891493 0.024414 0.039931
1 0.416992 0.964410 0.021484 0.029514
1 0.632324 0.986979 0.020508 0.022569