1 0.591912 0.036496 0.029412 0.034063
1 0.640625 0.082725 0.093750 0.043796
1 0.576287 0.076642 0.027574 0.026764
1 0.314338 0.183698 0.036765 0.036496
1 0.540441 0.184915 0.025735 0.029197
1 0.362132 0.223844 0.040441 0.053528
1 0.525735 0.244526 0.033088 0.075426
1 0.489890 0.227494 0.031250 0.026764
1 0.323529 0.284672 0.036765 0.043796
1 0.486213 0.290754 0.034926 0.041363
1 0.518382 0.319951 0.033088 0.051095
1 0.373162 0.319951 0.029412 0.036496
1 0.469669 0.349148 0.049632 0.070560
1 0.314338 0.338200 0.051471 0.043796
1 0.330882 0.385645 0.051471 0.065693
1 0.430147 0.452555 0.121324 0.194647
1 0.299632 0.459854 0.113971 0.150852
1 0.826287 0.514599 0.045956 0.055961
1 0.461397 0.525547 0.040441 0.053528
1 0.352941 0.538929 0.033088 0.036496
1 0.225184 0.596107 0.049632 0.087591
1 0.281250 0.599757 0.029412 0.041363
1 0.372243 0.621655 0.027574 0.041363
1 0.949449 0.647202 0.086397 0.087591
1 0.841912 0.645985 0.029412 0.041363
1 0.293199 0.669100 0.104779 0.077859
1 0.214154 0.699513 0.027574 0.041363
1 0.816176 0.694647 0.025735 0.036496
1 0.918199 0.759124 0.053309 0.082725
1 0.973346 0.759124 0.053309 0.082725
1 0.224265 0.811436 0.080882 0.133820
1 0.351103 0.788321 0.029412 0.053528
1 0.269301 0.827251 0.031250 0.038929
1 0.343750 0.891727 0.025735 0.041363
1 0.260110 0.913625 0.027574 0.041363
1 0.206801 0.920925 0.034926 0.031630