2 0.664062 0.298825 0.054688 0.019090
2 0.724609 0.373715 0.103516 0.113069
2 0.748047 0.342144 0.017578 0.014684
2 0.791504 0.375918 0.049805 0.073421
2 0.640137 0.363436 0.022461 0.022026
2 0.457520 0.527900 0.024414 0.024963
2 0.357422 0.531571 0.013672 0.020558
2 0.375977 0.558003 0.017578 0.026432
2 0.415039 0.590308 0.041016 0.093979
2 0.351562 0.602790 0.044922 0.098385
2 0.707520 0.575624 0.022461 0.029369
2 0.389648 0.596182 0.009766 0.017621
2 0.529785 0.629222 0.018555 0.022026
2 0.385742 0.646109 0.017578 0.041116
2 0.578125 0.665932 0.011719 0.033774
2 0.405762 0.685756 0.028320 0.023495
2 0.543457 0.724670 0.022461 0.036711