1 0.422685 0.116319 0.037963 0.024306
1 0.257870 0.211458 0.299074 0.182639
1 0.515278 0.144444 0.121296 0.047222
1 0.406481 0.176389 0.066667 0.025000
1 0.573148 0.219444 0.120370 0.059722
1 0.620833 0.286458 0.197222 0.114583
1 0.837963 0.279861 0.072222 0.080556
1 0.333796 0.338889 0.117593 0.040278
1 0.735185 0.389583 0.175926 0.094444
1 0.058796 0.379861 0.097222 0.056944
1 0.367130 0.440625 0.210185 0.146528
1 0.185648 0.416319 0.078704 0.057639
1 0.698611 0.485417 0.108333 0.079167
1 0.582870 0.481597 0.091667 0.043750
1 0.829630 0.490278 0.077778 0.048611
1 0.090741 0.536458 0.124074 0.129861
1 0.831019 0.613194 0.295370 0.168056
1 0.377778 0.728125 0.522222 0.306250
1 0.669907 0.734028 0.086111 0.055556
1 0.681019 0.815278 0.215741 0.098611
1 0.390741 0.889931 0.035185 0.036806