1 0.894907 0.092361 0.202778 0.170833
1 0.445833 0.289236 0.430556 0.168750
1 0.236111 0.355556 0.103704 0.068056
1 0.610185 0.480556 0.368519 0.244444
1 0.063426 0.489931 0.126852 0.232639
1 0.357870 0.422222 0.082407 0.061111
1 0.916667 0.584722 0.164815 0.252778
1 0.286111 0.511111 0.155556 0.072222
1 0.161111 0.590625 0.124074 0.068750
1 0.624537 0.594792 0.110185 0.056250
1 0.383333 0.628125 0.114815 0.092361
1 0.243981 0.704861 0.119444 0.088889
1 0.430093 0.728125 0.086111 0.113194
1 0.075000 0.720486 0.109259 0.090972
1 0.250926 0.806597 0.146296 0.114583
1 0.536574 0.813889 0.204630 0.106944
1 0.807870 0.848958 0.169444 0.106250
1 0.094444 0.969444 0.094444 0.061111