2 0.608879 0.365520 0.056052 0.078483
2 0.280134 0.511464 0.077629 0.216931
2 0.354787 0.432099 0.026042 0.035273
2 0.461434 0.453263 0.028026 0.066138
2 0.406002 0.468915 0.043651 0.073633
2 0.734747 0.465829 0.025050 0.052469
2 0.770089 0.572310 0.080853 0.223104
2 0.687624 0.497134 0.022569 0.044533
2 0.449157 0.557099 0.062500 0.119489
2 0.713294 0.567240 0.045635 0.080688
2 0.352431 0.578924 0.049603 0.082892
2 0.580977 0.594797 0.052331 0.060847
2 0.398934 0.676367 0.081597 0.094356
2 0.307168 0.692681 0.097966 0.093474
2 0.621528 0.666446 0.018353 0.018959
2 0.644841 0.692681 0.013393 0.013228
2 0.653026 0.716711 0.023313 0.016314