1 0.636979 0.134375 0.032292 0.032813
1 0.740625 0.151172 0.020833 0.016406
1 0.621875 0.183594 0.027083 0.018750
1 0.480208 0.212109 0.047917 0.028906
1 0.590104 0.263281 0.040625 0.023438
1 0.725521 0.278906 0.030208 0.015625
1 0.620313 0.312500 0.055208 0.081250
1 0.406250 0.292578 0.025000 0.016406
1 0.835417 0.399609 0.058333 0.033594
1 0.482812 0.399609 0.038542 0.024219
1 0.511979 0.431641 0.046875 0.022656
1 0.661979 0.460938 0.036458 0.025000
1 0.373958 0.489453 0.033333 0.024219
1 0.628125 0.489063 0.037500 0.023438
1 0.613542 0.542578 0.027083 0.019531
1 0.472917 0.560156 0.035417 0.025000
1 0.593750 0.574609 0.029167 0.017969
1 0.725000 0.576953 0.031250 0.019531
1 0.230729 0.578125 0.026042 0.015625
1 0.402083 0.582031 0.031250 0.020313
1 0.163542 0.587500 0.020833 0.012500
1 0.732292 0.604297 0.022917 0.014844
1 0.692708 0.629687 0.029167 0.042188
1 0.585417 0.623828 0.031250 0.021094
1 0.121875 0.627344 0.025000 0.014063
1 0.425000 0.630859 0.027083 0.016406
1 0.597396 0.723047 0.032292 0.041406
1 0.664583 0.729297 0.020833 0.019531
1 0.352083 0.735156 0.018750 0.023438
1 0.655729 0.756641 0.021875 0.025781
1 0.430208 0.773047 0.058333 0.039844
1 0.528646 0.798828 0.053125 0.039844
1 0.607292 0.789453 0.022917 0.017969
1 0.438021 0.796875 0.036458 0.020313
1 0.583854 0.832031 0.057292 0.042188
1 0.354687 0.844922 0.038542 0.030469
1 0.421354 0.848437 0.026042 0.023438
1 0.651563 0.853516 0.015625 0.022656
1 0.534896 0.878906 0.026042 0.020313
1 0.363021 0.884766 0.021875 0.025781