2 0.925000 0.245763 0.018000 0.033898
2 0.718000 0.300847 0.032000 0.064972
2 0.896000 0.323446 0.016000 0.031073
2 0.876000 0.347458 0.048000 0.067797
2 0.785000 0.338983 0.014000 0.028249
2 0.611000 0.367232 0.034000 0.062147
2 0.704000 0.372881 0.016000 0.028249
2 0.460000 0.470339 0.128000 0.121469
2 0.348000 0.461864 0.012000 0.036723
2 0.286000 0.485876 0.020000 0.039548
2 0.422000 0.531073 0.024000 0.028249
2 0.305000 0.536723 0.018000 0.022599
2 0.454000 0.570621 0.020000 0.016949
2 0.700000 0.614407 0.020000 0.093220
2 0.729000 0.754237 0.026000 0.028249