1 0.475000 0.226748 0.043750 0.025234
1 0.578125 0.268565 0.050000 0.023792
1 0.622656 0.299567 0.032813 0.026676
1 0.226562 0.301009 0.040625 0.025234
1 0.439063 0.333453 0.053125 0.025234
1 0.301563 0.369503 0.037500 0.022350
1 0.547656 0.387527 0.057813 0.022350
1 0.610156 0.433309 0.064062 0.021629
1 0.221875 0.441961 0.050000 0.023071
1 0.453125 0.448450 0.031250 0.023071
1 0.647656 0.468998 0.057813 0.025234
1 0.250000 0.471882 0.053125 0.025234
1 0.312500 0.490267 0.053125 0.023071
1 0.721094 0.522350 0.051562 0.026676
1 0.432812 0.653569 0.043750 0.023792
1 0.519531 0.683129 0.060937 0.032444