1 0.683215 0.016355 0.070922 0.032710
1 0.851064 0.045561 0.193853 0.091121
1 0.417258 0.265187 0.120567 0.161215
1 0.848700 0.297897 0.151300 0.100467
1 0.710402 0.331776 0.092199 0.112150
1 0.276596 0.335280 0.061466 0.086449
1 0.195035 0.372664 0.040189 0.058411
1 0.425532 0.461449 0.151300 0.151869
1 0.614657 0.450935 0.170213 0.116822
1 0.341608 0.524533 0.078014 0.063084
1 0.762411 0.649533 0.078014 0.079439
1 0.452719 0.786215 0.172577 0.226636
1 0.291962 0.845794 0.352246 0.303738
1 0.677305 0.803738 0.158392 0.130841