1 0.296250 0.253750 0.072500 0.037500
1 0.551250 0.258750 0.032500 0.017500
1 0.691250 0.278750 0.037500 0.032500
1 0.347500 0.325000 0.140000 0.090000
1 0.636250 0.311250 0.027500 0.022500
1 0.715000 0.315000 0.030000 0.030000
1 0.228750 0.342500 0.097500 0.055000
1 0.653750 0.336250 0.032500 0.022500
1 0.506250 0.381250 0.047500 0.042500
1 0.795000 0.375000 0.055000 0.030000
1 0.411250 0.387500 0.042500 0.030000
1 0.676250 0.416250 0.032500 0.077500
1 0.198750 0.400000 0.037500 0.030000
1 0.345000 0.433750 0.075000 0.092500
1 0.248750 0.426250 0.052500 0.042500
1 0.613750 0.446250 0.042500 0.037500
1 0.810000 0.442500 0.030000 0.020000
1 0.148750 0.497500 0.072500 0.105000
1 0.750000 0.475000 0.065000 0.045000
1 0.230000 0.530000 0.075000 0.115000
1 0.665000 0.541250 0.095000 0.072500
1 0.718750 0.530000 0.037500 0.025000
1 0.338750 0.561250 0.037500 0.032500
1 0.311250 0.588750 0.047500 0.037500
1 0.145000 0.596250 0.050000 0.037500
1 0.762500 0.586250 0.040000 0.022500
1 0.207500 0.610000 0.040000 0.045000
1 0.613750 0.652500 0.087500 0.045000
1 0.393750 0.682500 0.027500 0.040000
1 0.320000 0.698750 0.030000 0.027500
1 0.442500 0.715000 0.025000 0.060000
1 0.777500 0.713750 0.115000 0.057500
1 0.366250 0.723750 0.037500 0.057500
1 0.683750 0.717500 0.057500 0.045000
1 0.860000 0.725000 0.035000 0.020000
1 0.341250 0.748750 0.027500 0.027500
1 0.426250 0.760000 0.042500 0.040000
1 0.382500 0.805000 0.060000 0.070000
1 0.790000 0.808750 0.055000 0.067500
1 0.765000 0.857500 0.045000 0.065000
1 0.848750 0.860000 0.027500 0.040000
1 0.362500 0.866250 0.025000 0.042500