2 0.552500 0.422812 0.293333 0.208125
2 0.477500 0.397188 0.021667 0.013125
2 0.214583 0.435937 0.025833 0.016875
2 0.280417 0.446875 0.032500 0.030000
2 0.555833 0.448125 0.026667 0.015000
2 0.325833 0.447500 0.013333 0.011250
2 0.237917 0.455000 0.039167 0.025000
2 0.202083 0.465625 0.010833 0.008750
2 0.581667 0.469687 0.011667 0.013125
2 0.321667 0.481563 0.035000 0.016875
2 0.238750 0.504375 0.022500 0.010000
2 0.367917 0.506563 0.014167 0.011875
2 0.198750 0.525937 0.014167 0.006875
2 0.060417 0.540937 0.019167 0.014375
2 0.374583 0.545625 0.019167 0.012500
2 0.330417 0.578438 0.007500 0.006875
2 0.300000 0.596875 0.023333 0.015000
2 0.166667 0.611250 0.036667 0.026250
2 0.446250 0.613750 0.034167 0.018750
2 0.388750 0.612187 0.017500 0.011875
2 0.483750 0.630000 0.024167 0.017500
2 0.371667 0.634687 0.023333 0.021875
2 0.345833 0.654375 0.018333 0.015000
2 0.463750 0.658438 0.017500 0.013125
2 0.159167 0.699375 0.018333 0.011250
2 0.470833 0.703438 0.016667 0.011875
2 0.405417 0.734375 0.017500 0.011250