2 0.294375 0.294375 0.046250 0.023750
2 0.490000 0.320625 0.045000 0.026250
2 0.629375 0.320625 0.033750 0.016250
2 0.305625 0.364375 0.021250 0.016250
2 0.431250 0.371250 0.017500 0.030000
2 0.340000 0.393125 0.075000 0.031250
2 0.523750 0.420625 0.025000 0.021250
2 0.486250 0.433125 0.020000 0.018750
2 0.454375 0.432500 0.013750 0.010000
2 0.402500 0.445000 0.015000 0.015000
2 0.640625 0.463125 0.016250 0.036250
2 0.230625 0.462500 0.023750 0.022500
2 0.373125 0.456250 0.021250 0.012500
2 0.542500 0.477500 0.020000 0.025000
2 0.475625 0.476875 0.018750 0.018750
2 0.483750 0.498750 0.012500 0.015000
2 0.517500 0.497500 0.012500 0.015000
2 0.551250 0.523750 0.015000 0.015000
2 0.653125 0.583750 0.013750 0.022500
2 0.367500 0.585000 0.022500 0.020000
2 0.290625 0.586875 0.008750 0.011250
2 0.213125 0.612500 0.013750 0.015000
2 0.190000 0.623750 0.017500 0.017500
2 0.486250 0.633125 0.012500 0.011250
2 0.454375 0.650625 0.021250 0.021250
2 0.655625 0.708125 0.011250 0.016250
2 0.713125 0.723750 0.018750 0.017500
2 0.364375 0.771250 0.126250 0.070000