2 0.447826 0.090402 0.017391 0.015625
2 0.479710 0.154018 0.014493 0.022321
2 0.488406 0.194196 0.026087 0.035714
2 0.492029 0.233259 0.018841 0.024554
2 0.160870 0.373884 0.011594 0.024554
2 0.200725 0.402902 0.007246 0.011161
2 0.186957 0.425223 0.011594 0.015625
2 0.736232 0.449777 0.011594 0.015625
2 0.765217 0.543527 0.031884 0.064732
2 0.788406 0.585938 0.014493 0.029018
2 0.767391 0.633929 0.013043 0.031250
2 0.552174 0.734375 0.014493 0.022321
2 0.548551 0.828125 0.024638 0.031250
2 0.580435 0.880580 0.030435 0.073661
2 0.541304 0.906250 0.013043 0.017857