1 0.119444 0.208333 0.087037 0.072222
1 0.639815 0.223611 0.027778 0.038889
1 0.810185 0.225694 0.072222 0.034722
1 0.550000 0.262500 0.048148 0.025000
1 0.862037 0.268056 0.083333 0.033333
1 0.196296 0.296528 0.066667 0.062500
1 0.500000 0.490972 0.100000 0.079167
1 0.713889 0.593056 0.064815 0.125000
1 0.398148 0.602778 0.092593 0.052778
1 0.491667 0.663889 0.112963 0.069444
1 0.171296 0.659028 0.094444 0.054167
1 0.099074 0.725000 0.064815 0.033333
1 0.899074 0.884722 0.061111 0.044444
1 0.706481 0.913194 0.094444 0.040278