2 0.722810 0.229000 0.055891 0.034000
2 0.601964 0.286000 0.028701 0.044000
2 0.129909 0.316000 0.036254 0.048000
2 0.086103 0.433000 0.045317 0.030000
2 0.484139 0.534000 0.125378 0.072000
2 0.813444 0.554000 0.067976 0.100000
2 0.867825 0.624000 0.013595 0.044000
2 0.825529 0.657000 0.025680 0.034000
2 0.453172 0.669000 0.021148 0.042000
2 0.555891 0.672000 0.036254 0.032000
2 0.064199 0.707000 0.010574 0.010000
2 0.463746 0.731000 0.054381 0.038000
2 0.021903 0.727000 0.016616 0.018000
2 0.512840 0.739000 0.022659 0.034000
2 0.017372 0.760000 0.019637 0.024000
2 0.234139 0.775000 0.027190 0.026000
2 0.024924 0.802000 0.013595 0.016000
2 0.006798 0.825000 0.013595 0.038000
2 0.037009 0.847000 0.010574 0.014000