2 0.495833 0.261250 0.118333 0.177500
2 0.818333 0.255000 0.060000 0.105000
2 0.390833 0.333750 0.098333 0.172500
2 0.780000 0.307500 0.070000 0.100000
2 0.695833 0.330000 0.111667 0.140000
2 0.885000 0.355000 0.020000 0.035000
2 0.987500 0.487500 0.021667 0.040000
2 0.556667 0.518750 0.020000 0.027500
2 0.308333 0.731250 0.023333 0.047500
2 0.174167 0.798750 0.118333 0.177500
2 0.275000 0.727500 0.016667 0.020000
2 0.245000 0.753750 0.006667 0.012500
2 0.332500 0.765000 0.008333 0.015000
2 0.305000 0.807500 0.070000 0.095000
2 0.271667 0.776250 0.006667 0.012500