2 0.161875 0.055891 0.048750 0.048338
2 0.783750 0.091390 0.040000 0.040785
2 0.450000 0.192598 0.075000 0.182779
2 0.145625 0.256798 0.078750 0.093656
2 0.788750 0.225076 0.012500 0.018127
2 0.076875 0.231118 0.021250 0.024169
2 0.825000 0.275680 0.082500 0.113293
2 0.053750 0.496224 0.107500 0.158610
2 0.386875 0.564955 0.273750 0.250755
2 0.631875 0.565710 0.073750 0.155589
2 0.171875 0.773414 0.078750 0.102719
2 0.265625 0.790030 0.123750 0.099698
2 0.622500 0.886707 0.070000 0.166163
2 0.928750 0.817976 0.020000 0.022659
2 0.213125 0.870846 0.041250 0.061934
2 0.156250 0.886707 0.042500 0.072508
2 0.752500 0.872356 0.030000 0.046828
2 0.863125 0.879154 0.018750 0.036254
2 0.311875 0.895770 0.016250 0.027190
2 0.256250 0.918429 0.012500 0.018127
2 0.112500 0.929758 0.022500 0.028701
2 0.740000 0.953927 0.027500 0.074018
2 0.269375 0.947130 0.016250 0.015106
2 0.286250 0.976586 0.035000 0.046828
2 0.173750 0.978097 0.030000 0.043807