2 0.901667 0.275938 0.038333 0.029375
2 0.422500 0.336875 0.088333 0.080000
2 0.335833 0.331875 0.051667 0.056250
2 0.641667 0.367812 0.100000 0.106875
2 0.516667 0.355000 0.030000 0.026250
2 0.432083 0.367188 0.015833 0.013125
2 0.552083 0.432500 0.134167 0.132500
2 0.382500 0.444688 0.168333 0.106875
2 0.632500 0.605000 0.051667 0.137500
2 0.518750 0.558438 0.020833 0.024375
2 0.581667 0.564688 0.056667 0.034375
2 0.489167 0.595313 0.036667 0.081875
2 0.507917 0.625625 0.027500 0.018750
2 0.809167 0.631875 0.035000 0.030000
2 0.938750 0.657813 0.024167 0.026875
2 0.826667 0.733437 0.253333 0.078125