2 0.554688 0.290152 0.231250 0.261430
2 0.314063 0.229191 0.037500 0.029308
2 0.277344 0.234467 0.023438 0.032825
2 0.075000 0.282532 0.075000 0.067995
2 0.322656 0.287808 0.079687 0.048066
2 0.817969 0.400938 0.045312 0.044549
2 0.363281 0.423798 0.029687 0.029308
2 0.332813 0.439039 0.034375 0.029308
2 0.429688 0.451934 0.028125 0.029308
2 0.678906 0.466002 0.045312 0.024619
2 0.105469 0.481243 0.039062 0.022274
2 0.467187 0.645955 0.106250 0.161782
2 0.837500 0.651231 0.065625 0.038687
2 0.078906 0.749121 0.060937 0.042204
2 0.886719 0.818875 0.045312 0.050410