2 0.774709 0.048864 0.159884 0.097727
2 0.546512 0.028409 0.029070 0.020455
2 0.347384 0.096591 0.287791 0.147727
2 0.670058 0.286364 0.031977 0.022727
2 0.505814 0.407955 0.034884 0.029545
2 0.196221 0.405682 0.026163 0.011364
2 0.319767 0.420455 0.052326 0.018182
2 0.175872 0.428409 0.037791 0.020455
2 0.542151 0.451136 0.049419 0.029545
2 0.638081 0.460227 0.031977 0.020455
2 0.630814 0.493182 0.063953 0.022727
2 0.132267 0.509091 0.031977 0.031818
2 0.082849 0.543182 0.031977 0.063636
2 0.672965 0.526136 0.055233 0.034091
2 0.223837 0.607955 0.238372 0.188636
2 0.642442 0.565909 0.029070 0.022727
2 0.779070 0.578409 0.063953 0.029545
2 0.370640 0.585227 0.049419 0.029545
2 0.718023 0.604545 0.046512 0.018182
2 0.662791 0.788636 0.040698 0.063636
2 0.870640 0.862500 0.171512 0.129545
2 0.145349 0.882955 0.046512 0.052273
2 0.273256 0.935227 0.023256 0.025000
2 0.732558 0.940909 0.110465 0.013636