5 0.845827 0.086000 0.192362 0.160000
5 0.216407 0.167000 0.104668 0.106000
5 0.727016 0.188000 0.028289 0.068000
5 0.654880 0.229000 0.138614 0.102000
5 0.854314 0.251000 0.073550 0.146000
5 0.957567 0.253000 0.036775 0.066000
5 0.543140 0.329000 0.050919 0.094000
5 0.224894 0.479000 0.254597 0.358000
5 0.444837 0.328000 0.038190 0.048000
5 0.060820 0.361000 0.121641 0.086000
5 0.079208 0.511000 0.158416 0.238000
5 0.541726 0.444000 0.065064 0.104000
5 0.374116 0.470000 0.052334 0.064000
5 0.495757 0.630000 0.176803 0.284000
5 0.610325 0.532000 0.046676 0.080000