3 0.245385 0.148810 0.204615 0.292857
3 0.413077 0.050000 0.038462 0.095238
3 0.451538 0.060714 0.084615 0.121429
3 0.165385 0.027381 0.032308 0.045238
3 0.696923 0.045238 0.033846 0.066667
3 0.509231 0.095238 0.036923 0.076190
3 0.166923 0.111905 0.069231 0.080952
3 0.745385 0.108333 0.023077 0.050000
3 0.522308 0.139286 0.050769 0.102381
3 0.861538 0.121429 0.027692 0.052381
3 0.323846 0.128571 0.035385 0.042857
3 0.407692 0.188095 0.033846 0.057143
3 0.756154 0.254762 0.035385 0.080952
3 0.402308 0.265476 0.029231 0.050000
3 0.232308 0.280952 0.055385 0.052381
3 0.424615 0.283333 0.030769 0.047619
3 0.221538 0.440476 0.166154 0.323810
3 0.435385 0.334524 0.021538 0.040476
3 0.568462 0.465476 0.121538 0.292857
3 0.340000 0.360714 0.049231 0.064286
3 0.645385 0.397619 0.038462 0.085714
3 0.512308 0.408333 0.036923 0.050000
3 0.414615 0.473810 0.096923 0.138095
3 0.662308 0.465476 0.047692 0.073810
3 0.426923 0.546429 0.020000 0.040476
3 0.298462 0.552381 0.033846 0.042857
3 0.479231 0.571429 0.035385 0.047619
3 0.373846 0.617857 0.058462 0.073810
3 0.453846 0.817857 0.304615 0.364286
3 0.470769 0.669048 0.030769 0.033333
3 0.616923 0.767857 0.184615 0.230952
3 0.373846 0.748810 0.052308 0.088095
3 0.273077 0.788095 0.060000 0.095238
3 0.660000 0.853571 0.027692 0.050000
3 0.743077 0.879762 0.027692 0.050000
3 0.615385 0.959524 0.052308 0.071429
3 0.691538 0.983333 0.020000 0.028571