3 0.397917 0.054167 0.358333 0.108333
3 0.831771 0.087500 0.232292 0.175000
3 0.090104 0.156250 0.046875 0.073611
3 0.135937 0.172222 0.009375 0.019444
3 0.006250 0.197917 0.012500 0.051389
3 0.661458 0.256944 0.016667 0.038889
3 0.697396 0.263889 0.013542 0.036111
3 0.760417 0.368750 0.089583 0.240278
3 0.315625 0.291667 0.022917 0.036111
3 0.450521 0.306250 0.015625 0.051389
3 0.586458 0.313889 0.022917 0.036111
3 0.881771 0.531250 0.236458 0.470833
3 0.099479 0.324306 0.017708 0.043056
3 0.058333 0.339583 0.031250 0.056944
3 0.553125 0.337500 0.020833 0.038889
3 0.321354 0.379861 0.026042 0.070833
3 0.122917 0.370139 0.018750 0.040278
3 0.284375 0.387500 0.018750 0.038889
3 0.580208 0.389583 0.016667 0.034722
3 0.178646 0.397917 0.026042 0.043056
3 0.014583 0.431944 0.022917 0.047222
3 0.216667 0.643056 0.212500 0.433333
3 0.138021 0.468750 0.023958 0.062500
3 0.626563 0.457639 0.017708 0.034722
3 0.410938 0.523611 0.034375 0.133333
3 0.539583 0.493056 0.014583 0.033333
3 0.364583 0.525694 0.014583 0.037500
3 0.672917 0.551389 0.014583 0.050000
3 0.478125 0.658333 0.052083 0.258333
3 0.532292 0.634028 0.054167 0.201389
3 0.697917 0.579861 0.014583 0.037500
3 0.757812 0.595139 0.021875 0.037500
3 0.036458 0.612500 0.018750 0.055556
3 0.385417 0.643056 0.029167 0.105556
3 0.918750 0.690972 0.160417 0.204167
3 0.331771 0.637500 0.017708 0.055556
3 0.614062 0.638889 0.026042 0.052778
3 0.663542 0.670139 0.037500 0.079167
3 0.007812 0.664583 0.015625 0.048611
3 0.084375 0.751389 0.025000 0.083333
3 0.709896 0.799306 0.042708 0.070833