5 0.558000 0.048128 0.060000 0.085561
5 0.359000 0.049465 0.030000 0.066845
5 0.385000 0.117647 0.030000 0.042781
5 0.125000 0.165775 0.022000 0.037433
5 0.165000 0.184492 0.054000 0.064171
5 0.415000 0.203209 0.034000 0.058824
5 0.297000 0.241979 0.042000 0.045455
5 0.499000 0.326203 0.110000 0.197861
5 0.338000 0.288770 0.032000 0.112299
5 0.644000 0.282086 0.016000 0.045455
5 0.420000 0.334225 0.048000 0.069519
5 0.281000 0.319519 0.022000 0.029412
5 0.465000 0.390374 0.038000 0.064171
5 0.301000 0.487968 0.142000 0.168449
5 0.161000 0.475936 0.034000 0.064171
5 0.779000 0.592246 0.150000 0.157754
5 0.440000 0.558824 0.152000 0.074866
5 0.320000 0.640374 0.032000 0.098930
5 0.519000 0.589572 0.002000 0.002674
5 0.450000 0.641711 0.092000 0.080214
5 0.224000 0.673797 0.128000 0.042781