3 0.627344 0.296339 0.045312 0.093822
3 0.846094 0.302059 0.185938 0.086957
3 0.543750 0.337529 0.050000 0.121281
3 0.671094 0.335240 0.014063 0.034325
3 0.389062 0.366133 0.015625 0.041190
3 0.475000 0.358124 0.015625 0.029748
3 0.764844 0.378719 0.010937 0.048055
3 0.227344 0.434783 0.073438 0.141876
3 0.137500 0.472540 0.106250 0.176201
3 0.719531 0.443936 0.020313 0.082380
3 0.759375 0.469108 0.018750 0.077803
3 0.952344 0.447368 0.020313 0.034325
3 0.036719 0.538902 0.073438 0.208238
3 0.566406 0.486270 0.032813 0.093822
3 0.523438 0.471396 0.028125 0.036613
3 0.921875 0.493135 0.015625 0.052632
3 0.335938 0.489703 0.015625 0.036613
3 0.270313 0.495423 0.012500 0.025172
3 0.389844 0.513730 0.023438 0.061785
3 0.461719 0.512586 0.020313 0.059497
3 0.293750 0.513730 0.018750 0.034325
3 0.746094 0.618993 0.067187 0.199085
3 0.196094 0.564073 0.017188 0.034325
3 0.360938 0.605263 0.031250 0.116705
3 0.007031 0.585812 0.014063 0.059497
3 0.818750 0.592677 0.031250 0.068650
3 0.250781 0.594966 0.026562 0.054920
3 0.904687 0.621281 0.040625 0.080092
3 0.159375 0.608696 0.015625 0.022883
3 0.595313 0.631579 0.025000 0.041190
3 0.464062 0.661327 0.018750 0.050343
3 0.396094 0.728833 0.032813 0.080092
3 0.295312 0.758581 0.021875 0.038902
3 0.898438 0.905034 0.203125 0.189931
3 0.303906 0.892449 0.042188 0.141876
3 0.289844 0.846682 0.014063 0.036613
3 0.204687 0.884439 0.037500 0.084668
3 0.804688 0.871854 0.040625 0.050343
3 0.546094 0.905034 0.017188 0.066362
3 0.119531 0.913043 0.017188 0.041190
3 0.381250 0.929062 0.021875 0.064073
3 0.425781 0.971396 0.029687 0.048055
3 0.316406 0.974828 0.014063 0.041190