5 0.923846 0.147619 0.152308 0.223810
5 0.416923 0.283333 0.033846 0.085714
5 0.023077 0.282143 0.024615 0.040476
5 0.484615 0.298810 0.027692 0.054762
5 0.192308 0.315476 0.052308 0.045238
5 0.491538 0.380952 0.284615 0.152381
5 0.853077 0.329762 0.023077 0.035714
5 0.903846 0.327381 0.066154 0.030952
5 0.023077 0.430952 0.046154 0.119048
5 0.091538 0.441667 0.035385 0.088095
5 0.266923 0.430952 0.026154 0.042857
5 0.480000 0.508333 0.258462 0.154762
5 0.055385 0.482143 0.018462 0.021429
5 0.134615 0.542857 0.115385 0.133333
5 0.223077 0.522619 0.046154 0.045238
5 0.250000 0.520238 0.001538 0.002381
5 0.575385 0.578571 0.061538 0.042857
5 0.784615 0.686905 0.061538 0.135714
5 0.733077 0.714286 0.023077 0.171429