7 0.283315 0.186555 0.423292 0.369748
7 0.723964 0.111765 0.413214 0.216807
7 0.470885 0.194118 0.092945 0.099160
7 0.564390 0.234454 0.062710 0.129412
7 0.961926 0.348739 0.076148 0.206723
7 0.613102 0.290756 0.036954 0.040336
7 0.055431 0.560504 0.110862 0.431933
7 0.460246 0.663866 0.432251 0.517647
7 0.906495 0.426050 0.019037 0.028571
7 0.879059 0.493277 0.044793 0.078992
7 0.267077 0.694118 0.124300 0.181513
7 0.978723 0.679832 0.042553 0.089076
7 0.155095 0.715126 0.072788 0.119328
7 0.589026 0.919328 0.078387 0.104202
7 0.712766 0.898319 0.048152 0.062185