7 0.526829 0.137500 0.024390 0.020000
7 0.426829 0.152500 0.034146 0.035000
7 0.359756 0.232500 0.021951 0.030000
7 0.587805 0.242500 0.024390 0.030000
7 0.457317 0.277500 0.026829 0.035000
7 0.552439 0.338750 0.056098 0.092500
7 0.374390 0.327500 0.026829 0.025000
7 0.628049 0.355000 0.031707 0.025000
7 0.286585 0.367500 0.041463 0.035000
7 0.484146 0.412500 0.026829 0.030000
7 0.448780 0.463750 0.019512 0.032500
7 0.596341 0.540000 0.046341 0.050000
7 0.780488 0.547500 0.034146 0.055000
7 0.142683 0.688750 0.036585 0.062500
7 0.406098 0.695000 0.036585 0.030000
7 0.828049 0.750000 0.036585 0.030000
7 0.146341 0.812500 0.024390 0.050000
7 0.786585 0.822500 0.060976 0.070000
7 0.209756 0.875000 0.039024 0.050000
7 0.782927 0.886250 0.019512 0.057500