7 0.543464 0.303953 0.024183 0.035256
7 0.505229 0.306090 0.026144 0.028846
7 0.643137 0.338675 0.028758 0.038462
7 0.320588 0.395299 0.022876 0.044872
7 0.552288 0.398504 0.028758 0.053419
7 0.716013 0.401709 0.018954 0.029915
7 0.773203 0.432692 0.013072 0.044872
7 0.725490 0.509615 0.022222 0.042735
7 0.474510 0.517628 0.026144 0.050214
7 0.436928 0.534722 0.022876 0.048077
7 0.509804 0.564103 0.027451 0.055556
7 0.736601 0.560363 0.019608 0.035256
7 0.682680 0.682158 0.015033 0.026709
7 0.645098 0.885150 0.015686 0.039530