7 0.312500 0.214844 0.054167 0.028125
7 0.398698 0.214258 0.024479 0.013672
7 0.325000 0.269531 0.061458 0.048438
7 0.458594 0.259961 0.042188 0.029297
7 0.207813 0.287500 0.032292 0.064062
7 0.523958 0.297070 0.036458 0.031641
7 0.600521 0.348828 0.127083 0.057031
7 0.372917 0.341992 0.046875 0.039453
7 0.564063 0.384570 0.060417 0.037109
7 0.468750 0.410742 0.065625 0.051953
7 0.368490 0.435352 0.049479 0.044922
7 0.527344 0.434766 0.031771 0.019531
7 0.175000 0.475391 0.040625 0.042969
7 0.553385 0.470898 0.042188 0.033984
7 0.272396 0.516211 0.036458 0.037109
7 0.353646 0.621094 0.186458 0.228906
7 0.537240 0.588867 0.083854 0.086328
7 0.451823 0.841406 0.097396 0.071875
7 0.607292 0.911719 0.042708 0.038281
7 0.585417 0.975000 0.040625 0.043750