7 0.643281 0.083333 0.120553 0.053846
7 0.775692 0.098718 0.033597 0.025641
7 0.466403 0.270513 0.051383 0.056410
7 0.795455 0.268590 0.033597 0.026923
7 0.775692 0.314744 0.061265 0.024359
7 0.361660 0.369231 0.106719 0.074359
7 0.724308 0.379487 0.088933 0.056410
7 0.481225 0.394872 0.057312 0.056410
7 0.390316 0.441667 0.116601 0.060256
7 0.494071 0.478846 0.075099 0.070513
7 0.333992 0.562179 0.075099 0.108974
7 0.590909 0.528205 0.023715 0.028205
7 0.235178 0.540385 0.031621 0.037179
7 0.492095 0.562821 0.079051 0.043590
7 0.405138 0.576282 0.039526 0.021795
7 0.615613 0.591026 0.017787 0.038462
7 0.434783 0.594231 0.031621 0.016667
7 0.536561 0.617308 0.037549 0.019231
7 0.053360 0.683333 0.098814 0.100000
7 0.034585 0.769231 0.061265 0.084615