7 0.505000 0.338889 0.193333 0.153333
7 0.621667 0.406667 0.040000 0.066667
7 0.472500 0.506667 0.035000 0.057778
7 0.636667 0.513333 0.030000 0.044444
7 0.420000 0.546667 0.043333 0.057778
7 0.550000 0.556667 0.020000 0.033333
7 0.369167 0.578889 0.065000 0.068889
7 0.515833 0.567778 0.018333 0.033333
7 0.601667 0.601111 0.033333 0.046667
7 0.289167 0.661111 0.025000 0.042222
7 0.336667 0.723333 0.016667 0.037778
7 0.385000 0.841111 0.023333 0.033333
7 0.295833 0.874444 0.041667 0.037778
7 0.346667 0.937778 0.053333 0.120000
7 0.502500 0.978889 0.018333 0.033333