7 0.660714 0.103750 0.030000 0.042500
7 0.290000 0.118750 0.022857 0.047500
7 0.717143 0.225000 0.051429 0.105000
7 0.670714 0.320000 0.101429 0.140000
7 0.649286 0.508750 0.087143 0.122500
7 0.244286 0.577500 0.060000 0.110000
7 0.635000 0.733750 0.035714 0.112500
7 0.290714 0.715000 0.032857 0.035000
7 0.350000 0.736250 0.034286 0.052500
7 0.470714 0.795000 0.032857 0.070000
7 0.342857 0.821250 0.074286 0.087500
7 0.552857 0.816250 0.028571 0.057500
7 0.605000 0.858750 0.058571 0.127500
7 0.539286 0.956250 0.027143 0.042500