7 0.451307 0.096878 0.017647 0.064586
7 0.603595 0.320237 0.018954 0.065662
7 0.558497 0.303552 0.015033 0.030140
7 0.398366 0.338536 0.018954 0.033369
7 0.590523 0.435414 0.055556 0.199139
7 0.534967 0.447793 0.017647 0.034446
7 0.503268 0.460172 0.022222 0.022605
7 0.411765 0.498385 0.026144 0.092573
7 0.540850 0.494618 0.029412 0.039828
7 0.551961 0.563509 0.056863 0.078579
7 0.411765 0.604952 0.022222 0.099031
7 0.522876 0.634553 0.023529 0.035522
7 0.444444 0.707212 0.019608 0.051668
7 0.546405 0.835845 0.014379 0.029064
7 0.615033 0.941335 0.018301 0.041981