7 0.448000 0.134848 0.032000 0.118182
7 0.485000 0.104545 0.038000 0.039394
7 0.532000 0.113636 0.032000 0.039394
7 0.613000 0.231818 0.130000 0.124242
7 0.514000 0.234848 0.040000 0.051515
7 0.681000 0.286364 0.022000 0.033333
7 0.723000 0.360606 0.146000 0.151515
7 0.557000 0.339394 0.078000 0.078788
7 0.481000 0.346970 0.030000 0.087879
7 0.632000 0.336364 0.028000 0.036364
7 0.560000 0.434848 0.056000 0.069697
7 0.791000 0.474242 0.030000 0.045455
7 0.604000 0.513636 0.048000 0.075758
7 0.560000 0.565152 0.064000 0.154545
7 0.607000 0.645455 0.250000 0.303030
7 0.776000 0.534848 0.020000 0.051515
7 0.722000 0.566667 0.036000 0.048485
7 0.665000 0.569697 0.030000 0.042424
7 0.631000 0.563636 0.022000 0.024242
7 0.528000 0.774242 0.024000 0.039394
7 0.641000 0.825758 0.046000 0.027273
7 0.585000 0.890909 0.034000 0.030303