7 0.061111 0.024805 0.080556 0.044922
7 0.313542 0.097461 0.027083 0.020703
7 0.946181 0.244141 0.039583 0.044531
7 0.625000 0.339844 0.027778 0.017188
7 0.767708 0.342187 0.028472 0.020313
7 0.653125 0.347266 0.021528 0.017969
7 0.694792 0.375977 0.035417 0.030859
7 0.715972 0.394727 0.026389 0.016016
7 0.760764 0.399609 0.042361 0.025781
7 0.479514 0.444727 0.049306 0.064453
7 0.701389 0.431641 0.076389 0.038281
7 0.762153 0.435742 0.046528 0.023828
7 0.394792 0.493555 0.085417 0.123828
7 0.970486 0.450586 0.045139 0.029297
7 0.912153 0.466211 0.075694 0.043359
7 0.212153 0.455273 0.021528 0.012109
7 0.711111 0.462695 0.040278 0.023047
7 0.793403 0.486328 0.046528 0.069531
7 0.160417 0.526367 0.106944 0.110547
7 0.226042 0.500977 0.042361 0.040234
7 0.762847 0.535547 0.127083 0.110156
7 0.874306 0.487891 0.040278 0.014063
7 0.671181 0.524805 0.085417 0.076953
7 0.921528 0.548242 0.156944 0.098047
7 0.495833 0.522266 0.037500 0.032813
7 0.540972 0.514453 0.023611 0.013281
7 0.445833 0.550977 0.059722 0.047266
7 0.188542 0.559961 0.054861 0.033203
7 0.259722 0.579492 0.081944 0.070703
7 0.393056 0.555469 0.019444 0.021094
7 0.144792 0.595117 0.022917 0.017578
7 0.483681 0.603516 0.036806 0.032813
7 0.180556 0.606445 0.027778 0.020703
7 0.321528 0.621484 0.031944 0.050781
7 0.215278 0.612500 0.020833 0.017969
7 0.356250 0.621875 0.025000 0.036719
7 0.441319 0.675781 0.063194 0.065625
7 0.351736 0.651172 0.036806 0.014844
7 0.374306 0.665820 0.044444 0.023047
7 0.362153 0.705078 0.043750 0.052344