7 0.145556 0.113057 0.086667 0.124204
7 0.550000 0.192675 0.042222 0.054140
7 0.176667 0.207006 0.020000 0.038217
7 0.825556 0.243631 0.046667 0.111465
7 0.117778 0.262739 0.026667 0.035032
7 0.220000 0.283439 0.026667 0.025478
7 0.568889 0.331210 0.044444 0.095541
7 0.060000 0.315287 0.031111 0.031847
7 0.081111 0.363057 0.020000 0.038217
7 0.542222 0.401274 0.071111 0.095541
7 0.212222 0.374204 0.024444 0.028662
7 0.820000 0.444268 0.031111 0.066879
7 0.175556 0.445860 0.022222 0.038217
7 0.918889 0.455414 0.033333 0.050955
7 0.025556 0.464968 0.028889 0.063694
7 0.136667 0.452229 0.020000 0.031847
7 0.132222 0.495223 0.020000 0.028662
7 0.837778 0.507962 0.044444 0.047771
7 0.034444 0.570064 0.046667 0.108280
7 0.692222 0.589172 0.020000 0.050955
7 0.877778 0.600318 0.040000 0.060510
7 0.066667 0.695860 0.022222 0.054140
7 0.136667 0.828025 0.020000 0.031847