7 0.621582 0.370968 0.012695 0.020528
7 0.275879 0.415689 0.018555 0.021994
7 0.792480 0.439883 0.028320 0.035191
7 0.258789 0.442815 0.023438 0.026393
7 0.584961 0.476540 0.029297 0.049853
7 0.648926 0.471408 0.028320 0.036657
7 0.699707 0.500733 0.069336 0.095308
7 0.522461 0.476540 0.031250 0.035191
7 0.984375 0.540323 0.031250 0.124633
7 0.157715 0.502199 0.018555 0.036657
7 0.265625 0.513196 0.029297 0.038123
7 0.457520 0.524927 0.020508 0.026393
7 0.219727 0.559384 0.021484 0.054252
7 0.527832 0.542522 0.010742 0.023460
7 0.787109 0.563050 0.039062 0.064516
7 0.614746 0.579912 0.024414 0.063050
7 0.274414 0.582845 0.039062 0.063050
7 0.905762 0.565249 0.014648 0.024927
7 0.843262 0.582111 0.047852 0.041056
7 0.557129 0.587243 0.014648 0.021994
7 0.732422 0.603372 0.033203 0.051320
7 0.581543 0.612903 0.018555 0.023460
7 0.421387 0.930352 0.030273 0.048387