7 0.799479 0.312253 0.039062 0.098814
7 0.550781 0.311265 0.018229 0.029644
7 0.465495 0.364625 0.029948 0.025692
7 0.651693 0.413043 0.022135 0.035573
7 0.598307 0.466403 0.066406 0.098814
7 0.651042 0.478261 0.026042 0.067194
7 0.551432 0.616601 0.048177 0.138340
7 0.504557 0.635375 0.037760 0.053360
7 0.722656 0.648221 0.052083 0.071146
7 0.537760 0.716403 0.028646 0.033597
7 0.517578 0.733202 0.022135 0.039526
7 0.733073 0.750988 0.020833 0.051383
7 0.658854 0.765810 0.026042 0.037549
7 0.688151 0.764822 0.022135 0.035573
7 0.603516 0.793478 0.024740 0.045455
7 0.498047 0.814229 0.022135 0.039526