7 0.495000 0.145000 0.105000 0.063333
7 0.258750 0.313333 0.067500 0.073333
7 0.211250 0.351667 0.057500 0.103333
7 0.383750 0.390000 0.062500 0.113333
7 0.601250 0.423333 0.047500 0.073333
7 0.445000 0.416667 0.045000 0.026667
7 0.732500 0.426667 0.030000 0.053333
7 0.833750 0.431667 0.022500 0.023333
7 0.687500 0.470000 0.030000 0.040000
7 0.822500 0.483333 0.060000 0.046667
7 0.663750 0.516667 0.022500 0.033333
7 0.808750 0.546667 0.102500 0.066667
7 0.645000 0.690000 0.035000 0.066667
7 0.696250 0.725000 0.122500 0.090000