7 0.481818 0.243750 0.060606 0.072500
7 0.527273 0.233750 0.030303 0.032500
7 0.204545 0.345000 0.027273 0.035000
7 0.519697 0.350000 0.051515 0.045000
7 0.184848 0.382500 0.030303 0.030000
7 0.525758 0.403750 0.045455 0.022500
7 0.325758 0.438750 0.045455 0.032500
7 0.140909 0.440000 0.039394 0.030000
7 0.428788 0.451250 0.045455 0.052500
7 0.593939 0.483750 0.072727 0.082500
7 0.836364 0.467500 0.066667 0.055000
7 0.248485 0.475000 0.066667 0.050000
7 0.531818 0.492500 0.021212 0.040000
7 0.734848 0.522500 0.087879 0.075000
7 0.900000 0.556250 0.054545 0.132500
7 0.309091 0.525000 0.042424 0.060000
7 0.193939 0.555000 0.072727 0.075000
7 0.600000 0.603750 0.103030 0.167500
7 0.133333 0.537500 0.030303 0.020000
7 0.337879 0.560000 0.057576 0.070000
7 0.954545 0.542500 0.024242 0.030000
7 0.480303 0.618750 0.057576 0.067500
7 0.256061 0.632500 0.069697 0.035000
7 0.368182 0.683750 0.033333 0.032500
7 0.281818 0.701250 0.060606 0.037500
7 0.592424 0.730000 0.039394 0.025000
7 0.271212 0.731250 0.033333 0.022500
7 0.389394 0.736250 0.045455 0.022500
7 0.493939 0.752500 0.042424 0.055000
7 0.327273 0.756250 0.054545 0.037500
7 0.246970 0.787500 0.057576 0.040000