7 0.524390 0.136250 0.029268 0.022500
7 0.425610 0.152500 0.036585 0.030000
7 0.537805 0.195000 0.017073 0.030000
7 0.363415 0.240000 0.029268 0.035000
7 0.589024 0.243750 0.021951 0.027500
7 0.457317 0.275000 0.031707 0.035000
7 0.626829 0.283750 0.024390 0.027500
7 0.551220 0.341250 0.058537 0.097500
7 0.484146 0.323750 0.056098 0.042500
7 0.373171 0.331250 0.024390 0.027500
7 0.630488 0.352500 0.031707 0.030000
7 0.290244 0.363750 0.034146 0.022500
7 0.485366 0.411250 0.024390 0.037500
7 0.600000 0.467500 0.039024 0.025000
7 0.595122 0.542500 0.043902 0.060000
7 0.712195 0.556250 0.043902 0.087500
7 0.776829 0.551250 0.026829 0.052500
7 0.403659 0.695000 0.031707 0.040000
7 0.824390 0.751250 0.029268 0.027500
7 0.784146 0.827500 0.070732 0.080000
7 0.352439 0.851250 0.026829 0.027500
7 0.209756 0.876250 0.039024 0.057500
7 0.779268 0.885000 0.021951 0.055000