7 0.181250 0.189583 0.025000 0.037500
7 0.254688 0.194792 0.025000 0.035417
7 0.093750 0.201042 0.028125 0.031250
7 0.146094 0.206250 0.035937 0.037500
7 0.239063 0.229167 0.034375 0.029167
7 0.054688 0.236458 0.034375 0.027083
7 0.207813 0.269792 0.040625 0.060417
7 0.017969 0.272917 0.032813 0.054167
7 0.164062 0.269792 0.028125 0.018750
7 0.117969 0.278125 0.017188 0.027083
7 0.131250 0.298958 0.018750 0.018750
7 0.346875 0.338542 0.018750 0.035417
7 0.262500 0.357292 0.050000 0.035417
7 0.272656 0.423958 0.035937 0.027083
7 0.330469 0.528125 0.045312 0.056250
7 0.607812 0.557292 0.018750 0.022917
7 0.148438 0.590625 0.040625 0.031250
7 0.275000 0.634375 0.046875 0.089583
7 0.584375 0.603125 0.040625 0.027083
7 0.014063 0.650000 0.018750 0.025000
7 0.193750 0.669792 0.034375 0.035417
7 0.160938 0.689583 0.025000 0.037500
7 0.228125 0.696875 0.025000 0.039583
7 0.122656 0.704167 0.032813 0.050000
7 0.035156 0.720833 0.039062 0.054167
7 0.082812 0.736458 0.015625 0.043750
7 0.260937 0.745833 0.012500 0.020833
7 0.065625 0.759375 0.021875 0.035417
7 0.144531 0.760417 0.042188 0.033333
7 0.048438 0.785417 0.012500 0.016667
7 0.022656 0.832292 0.023438 0.031250
7 0.021875 0.870833 0.009375 0.033333