7 0.390885 0.235069 0.027604 0.088194
7 0.417969 0.302083 0.023438 0.026389
7 0.424479 0.338194 0.034375 0.023611
7 0.264323 0.368403 0.038021 0.050694
7 0.436719 0.388194 0.038021 0.056944
7 0.195833 0.387500 0.022917 0.025000
7 0.219531 0.412847 0.014063 0.018750
7 0.807292 0.433333 0.032292 0.044444
7 0.298438 0.433333 0.021875 0.041667
7 0.216667 0.445139 0.029167 0.027778
7 0.299479 0.488889 0.021875 0.058333
7 0.156510 0.497917 0.027604 0.040278
7 0.175521 0.554861 0.032292 0.045833
7 0.706510 0.635069 0.039062 0.106250
7 0.452083 0.651042 0.032292 0.032639
7 0.765885 0.676042 0.028646 0.072917
7 0.404167 0.691667 0.032292 0.065278
7 0.383333 0.762847 0.123958 0.120139
7 0.246094 0.789931 0.026562 0.071528
7 0.351823 0.831597 0.067187 0.103472
7 0.236979 0.869097 0.034375 0.057639
7 0.304688 0.944444 0.028125 0.022222