7 0.480303 0.246250 0.057576 0.067500
7 0.528788 0.236250 0.027273 0.042500
7 0.522727 0.351250 0.045455 0.047500
7 0.201515 0.347500 0.021212 0.035000
7 0.180303 0.387500 0.033333 0.030000
7 0.531818 0.398750 0.045455 0.017500
7 0.137879 0.438750 0.033333 0.037500
7 0.421212 0.452500 0.042424 0.050000
7 0.250000 0.477500 0.081818 0.065000
7 0.598485 0.483750 0.063636 0.077500
7 0.528788 0.495000 0.027273 0.035000
7 0.327273 0.537500 0.078788 0.115000
7 0.915152 0.518750 0.042424 0.062500
7 0.736364 0.528750 0.078788 0.077500
7 0.192424 0.556250 0.069697 0.077500
7 0.569697 0.553750 0.042424 0.062500
7 0.950000 0.548750 0.033333 0.027500
7 0.901515 0.602500 0.045455 0.085000
7 0.465152 0.616250 0.081818 0.067500
7 0.607576 0.628750 0.087879 0.077500
7 0.234848 0.631250 0.027273 0.032500
7 0.374242 0.677500 0.021212 0.030000
7 0.280303 0.698750 0.069697 0.037500
7 0.596970 0.727500 0.042424 0.030000
7 0.268182 0.727500 0.033333 0.025000
7 0.389394 0.736250 0.051515 0.032500
7 0.493939 0.753750 0.030303 0.052500
7 0.310606 0.760000 0.033333 0.045000
7 0.246970 0.792500 0.051515 0.045000