7 0.722982 0.190711 0.021484 0.073123
7 0.799154 0.309289 0.039714 0.106719
7 0.549154 0.309783 0.022786 0.032609
7 0.464518 0.364625 0.031901 0.025692
7 0.650391 0.411067 0.019531 0.037549
7 0.605794 0.466897 0.035807 0.085968
7 0.648112 0.477767 0.026693 0.072134
7 0.578125 0.494565 0.028646 0.032609
7 0.547201 0.615613 0.055339 0.148221
7 0.513672 0.622036 0.019531 0.026680
7 0.720052 0.645751 0.054688 0.062253
7 0.504232 0.652668 0.031901 0.024704
7 0.527018 0.727767 0.044922 0.054348
7 0.729492 0.750494 0.029297 0.044466
7 0.484049 0.750988 0.017578 0.027668
7 0.657552 0.762846 0.024740 0.035573
7 0.687500 0.763834 0.018229 0.031621
7 0.409505 0.781621 0.016927 0.045455
7 0.603516 0.794466 0.022135 0.043478
7 0.496419 0.812253 0.016276 0.039526