7 0.283804 0.316302 0.026746 0.043796
7 0.580238 0.346715 0.019316 0.036496
7 0.406389 0.357664 0.028232 0.034063
7 0.205052 0.366180 0.023774 0.031630
7 0.448737 0.416058 0.023774 0.024331
7 0.536404 0.454988 0.032689 0.063260
7 0.138930 0.464720 0.063893 0.072993
7 0.488856 0.473236 0.026746 0.075426
7 0.333581 0.454988 0.016345 0.019465
7 0.448737 0.489051 0.053492 0.068127
7 0.234027 0.579075 0.072808 0.068127
7 0.361070 0.596107 0.041605 0.087591
7 0.301634 0.569343 0.026746 0.029197
7 0.340267 0.566910 0.020802 0.024331
7 0.492571 0.626521 0.022288 0.021898
7 0.413076 0.650852 0.026746 0.031630
7 0.771917 0.669100 0.031204 0.034063
7 0.504458 0.751825 0.016345 0.034063