7 0.503333 0.335556 0.196667 0.160000
7 0.622500 0.407778 0.031667 0.068889
7 0.468333 0.447778 0.020000 0.024444
7 0.470833 0.510000 0.031667 0.055556
7 0.635000 0.511111 0.033333 0.048889
7 0.421667 0.547778 0.043333 0.064444
7 0.369167 0.577778 0.068333 0.066667
7 0.552500 0.557778 0.028333 0.026667
7 0.515833 0.568889 0.018333 0.031111
7 0.600000 0.602222 0.033333 0.040000
7 0.288333 0.662222 0.030000 0.048889
7 0.338333 0.722222 0.013333 0.026667
7 0.396667 0.772222 0.013333 0.042222
7 0.387500 0.840000 0.021667 0.026667
7 0.295000 0.876667 0.040000 0.037778
7 0.345000 0.934444 0.053333 0.126667
7 0.502500 0.977778 0.015000 0.031111