7 0.650000 0.106667 0.055000 0.086667
7 0.561250 0.118333 0.042500 0.043333
7 0.888750 0.335000 0.122500 0.350000
7 0.455000 0.230000 0.045000 0.040000
7 0.437500 0.280000 0.040000 0.046667
7 0.742500 0.338333 0.150000 0.163333
7 0.397500 0.341667 0.030000 0.036667
7 0.203750 0.415000 0.032500 0.083333
7 0.808750 0.425000 0.032500 0.056667
7 0.407500 0.420000 0.020000 0.040000
7 0.601250 0.583333 0.057500 0.126667
7 0.481250 0.610000 0.052500 0.060000
7 0.346250 0.653333 0.042500 0.093333
7 0.181250 0.676667 0.027500 0.046667
7 0.426250 0.741667 0.082500 0.123333
7 0.565000 0.806667 0.085000 0.160000
7 0.070000 0.903333 0.130000 0.186667
7 0.143750 0.843333 0.042500 0.046667
7 0.246250 0.911667 0.197500 0.130000
7 0.418750 0.891667 0.042500 0.090000
7 0.477500 0.878333 0.035000 0.030000
7 0.598750 0.908333 0.037500 0.090000
7 0.250000 0.890000 0.040000 0.040000
7 0.522500 0.943333 0.105000 0.106667