9 0.388184 0.020870 0.028320 0.041739
9 0.488281 0.035652 0.023438 0.046957
9 0.817383 0.177391 0.078125 0.253913
9 0.924805 0.133913 0.025391 0.055652
9 0.903320 0.165217 0.011719 0.034783
9 0.951172 0.226087 0.097656 0.090435
9 0.413086 0.247826 0.025391 0.050435
9 0.466797 0.265217 0.033203 0.085217
9 0.817383 0.291304 0.062500 0.085217
9 0.356934 0.277391 0.040039 0.046957
9 0.564453 0.397391 0.056641 0.106087
9 0.287109 0.384348 0.021484 0.041739
9 0.805176 0.480000 0.055664 0.093913
9 0.277832 0.481739 0.020508 0.073043
9 0.872559 0.554783 0.059570 0.066087
9 0.932129 0.610435 0.040039 0.031304
9 0.662109 0.669565 0.027344 0.104348
9 0.807617 0.749565 0.064453 0.191304
9 0.780762 0.713913 0.032227 0.067826
9 0.893555 0.907826 0.144531 0.184348
9 0.704590 0.836522 0.028320 0.038261
9 0.403809 0.929565 0.028320 0.071304
9 0.292480 0.952174 0.053711 0.095652
9 0.752930 0.940000 0.025391 0.043478
9 0.641602 0.970435 0.019531 0.052174