9 0.494000 0.256684 0.060000 0.069519
9 0.565000 0.262032 0.098000 0.085561
9 0.376000 0.260695 0.036000 0.072193
9 0.657000 0.270053 0.050000 0.074866
9 0.539000 0.302139 0.034000 0.042781
9 0.428000 0.340909 0.040000 0.056150
9 0.785000 0.374332 0.078000 0.112299
9 0.360000 0.471925 0.048000 0.045455
9 0.730000 0.497326 0.056000 0.080214
9 0.334000 0.577540 0.048000 0.053476
9 0.215000 0.594920 0.074000 0.061497
9 0.227000 0.667112 0.070000 0.045455
9 0.816000 0.754011 0.052000 0.042781
9 0.359000 0.799465 0.126000 0.074866
9 0.856000 0.885027 0.080000 0.160428
9 0.506000 0.843583 0.060000 0.029412
9 0.693000 0.971925 0.086000 0.056150