9 0.442008 0.146434 0.115276 0.292869
9 0.588932 0.023838 0.047030 0.047676
9 0.135962 0.240785 0.212518 0.407051
9 0.643211 0.111779 0.046676 0.061699
9 0.228076 0.167668 0.021216 0.038061
9 0.668494 0.177083 0.013791 0.044071
9 0.733027 0.226562 0.019095 0.038061
9 0.627652 0.259014 0.099717 0.080529
9 0.323197 0.269631 0.083451 0.088942
9 0.889498 0.243389 0.035714 0.031651
9 0.938826 0.290865 0.034653 0.036859
9 0.266266 0.355369 0.064356 0.088141
9 0.637553 0.392228 0.077793 0.101763
9 0.955799 0.396835 0.026874 0.022837
9 0.453147 0.443109 0.035714 0.032853
9 0.651344 0.486178 0.048091 0.091747
9 0.164604 0.551883 0.183522 0.205529
9 0.308345 0.483173 0.044554 0.032853
9 0.545262 0.502003 0.014851 0.048077
9 0.396040 0.548277 0.021216 0.042869
9 0.544201 0.605168 0.127298 0.106971
9 0.041549 0.639423 0.083098 0.130609
9 0.381719 0.683494 0.171499 0.150641
9 0.809406 0.728566 0.154173 0.240785
9 0.717115 0.697716 0.057992 0.114183
9 0.586634 0.698518 0.185997 0.080529
9 0.491690 0.775441 0.082390 0.069311
9 0.045438 0.822516 0.090877 0.050481
9 0.483380 0.885016 0.105375 0.165865
9 0.209512 0.869992 0.045615 0.035657
9 0.735325 0.875601 0.025813 0.026843
9 0.799328 0.899439 0.027935 0.059295
9 0.147984 0.920072 0.022277 0.033253
9 0.105021 0.951923 0.044554 0.086538
9 0.747525 0.971354 0.019095 0.013221