9 0.378428 0.046778 0.109689 0.093555
9 0.510969 0.056133 0.093236 0.112266
9 0.105119 0.145530 0.173675 0.224532
9 0.268739 0.153846 0.043876 0.170478
9 0.567642 0.128898 0.093236 0.099792
9 0.856490 0.245322 0.107861 0.066528
9 0.880256 0.344075 0.074954 0.126819
9 0.097806 0.551975 0.195612 0.463617
9 0.277879 0.462578 0.032907 0.180873
9 0.490859 0.543659 0.210238 0.155925
9 0.829982 0.567568 0.098720 0.112266
9 0.714808 0.645530 0.106033 0.114345
9 0.596892 0.658004 0.071298 0.072765
9 0.549360 0.846154 0.210238 0.295218
9 0.373857 0.861746 0.155393 0.259875