9 0.516429 0.034615 0.058571 0.065385
9 0.075714 0.040385 0.100000 0.073077
9 0.255000 0.084615 0.138571 0.119231
9 0.741429 0.074038 0.034286 0.051923
9 0.859286 0.139423 0.107143 0.109615
9 0.079286 0.177885 0.107143 0.178846
9 0.286429 0.211538 0.052857 0.057692
9 0.389286 0.219231 0.061429 0.061538
9 0.322857 0.269231 0.022857 0.057692
9 0.892143 0.285577 0.110000 0.055769
9 0.115000 0.344231 0.064286 0.080769
9 0.579286 0.351923 0.038571 0.080769
9 0.031429 0.426923 0.031429 0.088462
9 0.060000 0.411538 0.034286 0.046154
9 0.933571 0.429808 0.055714 0.051923
9 0.695714 0.523077 0.202857 0.100000
9 0.162857 0.683654 0.160000 0.109615
9 0.786429 0.682692 0.070000 0.092308
9 0.717143 0.729808 0.134286 0.032692
9 0.372857 0.874038 0.425714 0.205769
9 0.423571 0.826923 0.084286 0.084615
9 0.287857 0.983654 0.021429 0.032692