9 0.060000 0.024390 0.055000 0.048780
9 0.562500 0.113508 0.035000 0.076923
9 0.857500 0.217636 0.242500 0.262664
9 0.619375 0.238274 0.051250 0.120075
9 0.288750 0.262664 0.207500 0.116323
9 0.141250 0.257036 0.085000 0.090056
9 0.063750 0.490619 0.107500 0.125704
9 0.987500 0.504690 0.025000 0.078799
9 0.075000 0.697936 0.097500 0.093809
9 0.896250 0.781426 0.097500 0.151970
9 0.157500 0.754221 0.045000 0.075047
9 0.796875 0.879925 0.021250 0.041276
9 0.456250 0.942777 0.085000 0.088180
9 0.357500 0.964353 0.095000 0.071295