9 0.640625 0.021875 0.050694 0.037500
9 0.421528 0.065365 0.120833 0.084896
9 0.756250 0.217969 0.152778 0.208854
9 0.351389 0.160677 0.116667 0.045312
9 0.605903 0.159635 0.036806 0.038021
9 0.124653 0.234635 0.070139 0.123438
9 0.903472 0.280990 0.193056 0.136979
9 0.431250 0.308594 0.041667 0.052604
9 0.145139 0.330208 0.127778 0.054167
9 0.667014 0.428125 0.242361 0.194792
9 0.828125 0.503646 0.227083 0.133333
9 0.177431 0.501823 0.182639 0.077604
9 0.876042 0.617188 0.104861 0.146875
9 0.759028 0.600260 0.108333 0.078646
9 0.058681 0.656250 0.079861 0.090625
9 0.959028 0.693490 0.081944 0.113021
9 0.735069 0.720052 0.113194 0.059896
9 0.822569 0.755990 0.050694 0.072396
9 0.644444 0.776563 0.065278 0.058333
9 0.979514 0.893229 0.040972 0.140625