9 0.166667 0.155000 0.066667 0.050000
9 0.638333 0.161667 0.050000 0.043333
9 0.036667 0.310000 0.073333 0.140000
9 0.138333 0.291667 0.083333 0.063333
9 0.918333 0.330000 0.090000 0.093333
9 0.456667 0.480000 0.046667 0.066667
9 0.078333 0.500000 0.103333 0.093333
9 0.206667 0.488333 0.060000 0.070000
9 0.978333 0.516667 0.043333 0.086667
9 0.903333 0.588333 0.160000 0.123333
9 0.066667 0.788333 0.133333 0.156667
9 0.478333 0.778333 0.070000 0.056667
9 0.863333 0.783333 0.080000 0.066667
9 0.531667 0.896667 0.036667 0.040000