9 0.602539 0.062958 0.021484 0.093704
9 0.548340 0.043924 0.032227 0.049780
9 0.229004 0.147877 0.043945 0.038067
9 0.643066 0.170571 0.047852 0.074671
9 0.163574 0.190337 0.049805 0.046852
9 0.522461 0.206442 0.029297 0.070278
9 0.684082 0.227672 0.038086 0.042460
9 0.427734 0.254758 0.027344 0.049780
9 0.387695 0.254758 0.042969 0.038067
9 0.782227 0.268668 0.042969 0.060029
9 0.173340 0.288433 0.024414 0.061493
9 0.872070 0.361640 0.039062 0.049780
9 0.724121 0.374085 0.020508 0.030747
9 0.747070 0.459736 0.027344 0.087848
9 0.128418 0.506589 0.040039 0.020498
9 0.247559 0.621523 0.038086 0.083455
9 0.748047 0.619327 0.019531 0.043924
9 0.135254 0.625183 0.032227 0.043924
9 0.228516 0.709370 0.119141 0.144949
9 0.776367 0.729136 0.078125 0.070278
9 0.170410 0.816984 0.014648 0.049780
9 0.750488 0.833821 0.098633 0.062958
9 0.666992 0.865300 0.080078 0.117130
9 0.297363 0.904832 0.077148 0.134700
9 0.143555 0.876281 0.029297 0.051245
9 0.750977 0.949488 0.074219 0.101025
9 0.603027 0.938507 0.063477 0.049780
9 0.123047 0.943631 0.017578 0.033675
9 0.041504 0.966325 0.071289 0.052709