11 0.065833 0.070106 0.075000 0.140212
11 0.405833 0.030423 0.121667 0.060847
11 0.132500 0.108466 0.095000 0.095238
11 0.218333 0.134921 0.046667 0.042328
11 0.203333 0.208995 0.080000 0.084656
11 0.103333 0.267196 0.156667 0.148148
11 0.473333 0.462963 0.333333 0.417989
11 0.059167 0.337302 0.035000 0.066138
11 0.245000 0.449735 0.066667 0.111111
11 0.600000 0.510582 0.276667 0.232804
11 0.812500 0.558201 0.075000 0.148148
11 0.198333 0.571429 0.163333 0.132275
11 0.839167 0.666667 0.075000 0.179894
11 0.914167 0.753968 0.118333 0.243386
11 0.947500 0.886243 0.105000 0.190476