10 0.461719 0.200000 0.135937 0.064762
10 0.241406 0.227619 0.060937 0.051429
10 0.625781 0.267619 0.026562 0.020952
10 0.350000 0.330476 0.028125 0.040000
10 0.419531 0.384762 0.032813 0.034286
10 0.481250 0.390476 0.062500 0.041905
10 0.611719 0.398095 0.026562 0.030476
10 0.546875 0.421905 0.028125 0.043810
10 0.625781 0.460952 0.035937 0.034286
10 0.483594 0.510476 0.020313 0.026667
10 0.444531 0.526667 0.029687 0.028571
10 0.599219 0.546667 0.035937 0.064762
10 0.401562 0.561905 0.040625 0.045714
10 0.504687 0.571429 0.121875 0.053333
10 0.628125 0.595238 0.021875 0.024762
10 0.726562 0.634286 0.028125 0.034286
10 0.557813 0.664762 0.056250 0.057143
10 0.403125 0.786667 0.028125 0.026667
10 0.360156 0.869524 0.026562 0.028571
10 0.375781 0.901905 0.026562 0.028571
10 0.335156 0.950476 0.023438 0.038095