10 0.190918 0.013021 0.055664 0.026042
10 0.108398 0.033203 0.023438 0.035156
10 0.153320 0.048828 0.031250 0.042969
10 0.077148 0.053385 0.019531 0.028646
10 0.234863 0.076823 0.114258 0.075521
10 0.083496 0.169271 0.061523 0.085938
10 0.148926 0.169922 0.032227 0.029948
10 0.140137 0.223958 0.047852 0.049479
10 0.197754 0.223958 0.024414 0.033854
10 0.135254 0.283203 0.041992 0.045573
10 0.250977 0.321615 0.046875 0.059896
10 0.551758 0.314453 0.037109 0.045573
10 0.364258 0.319661 0.029297 0.045573
10 0.628418 0.378906 0.028320 0.075521
10 0.570312 0.375000 0.066406 0.054688
10 0.179199 0.438802 0.047852 0.049479
10 0.127930 0.471354 0.042969 0.067708
10 0.361328 0.481120 0.031250 0.048177
10 0.263672 0.552734 0.027344 0.095052
10 0.332031 0.548177 0.029297 0.049479
10 0.291504 0.540365 0.018555 0.026042
10 0.372070 0.551432 0.025391 0.035156
10 0.213379 0.584635 0.024414 0.054688
10 0.273438 0.625651 0.023438 0.048177
10 0.252930 0.622396 0.021484 0.033854
10 0.187500 0.711589 0.060547 0.066406
10 0.114746 0.796875 0.040039 0.044271
10 0.566406 0.837891 0.021484 0.050781
10 0.395020 0.835938 0.034180 0.039062