10 0.750660 0.231595 0.329815 0.457055
10 0.368074 0.053681 0.039578 0.064417
10 0.248021 0.234663 0.131926 0.279141
10 0.327177 0.386503 0.110818 0.239264
10 0.589710 0.322086 0.050132 0.049080
10 0.639842 0.332822 0.029024 0.039877
10 0.393140 0.389571 0.036939 0.036810
10 0.580475 0.398773 0.036939 0.036810
10 0.624011 0.406442 0.023747 0.033742
10 0.551451 0.476994 0.015831 0.033742
10 0.302111 0.621166 0.113456 0.058282
10 0.184697 0.647239 0.052770 0.042945
10 0.073879 0.668712 0.031662 0.030675
10 0.712401 0.854294 0.385224 0.291411
10 0.298153 0.800613 0.147757 0.153374
10 0.031662 0.754601 0.042216 0.042945