10 0.571142 0.013026 0.028056 0.022044
10 0.777555 0.033066 0.084168 0.066132
10 0.644289 0.082164 0.034068 0.028056
10 0.692385 0.112224 0.030060 0.040080
10 0.462926 0.156313 0.100200 0.080160
10 0.441884 0.455912 0.178357 0.182365
10 0.352705 0.569138 0.108216 0.044088
10 0.444890 0.620240 0.072144 0.054108
10 0.636273 0.650301 0.034068 0.114228
10 0.125251 0.630261 0.082164 0.066132
10 0.336673 0.658317 0.072144 0.074148
10 0.839679 0.688377 0.096192 0.130261
10 0.483968 0.657315 0.030060 0.024048
10 0.408818 0.680361 0.040080 0.054108
10 0.547094 0.696393 0.040080 0.074148
10 0.188377 0.678357 0.028056 0.026052
10 0.746493 0.705411 0.070140 0.068136
10 0.946894 0.707415 0.050100 0.076152
10 0.257515 0.691383 0.018036 0.028056
10 0.437876 0.716433 0.026052 0.022044
10 0.301603 0.765531 0.038076 0.104208
10 0.366733 0.732465 0.044088 0.034068
10 0.590180 0.736473 0.018036 0.026052
10 0.768537 0.739479 0.018036 0.020040
10 0.186373 0.767535 0.028056 0.036072
10 0.473948 0.778557 0.038076 0.050100
10 0.336673 0.820641 0.032064 0.054108
10 0.913828 0.839679 0.128257 0.084168
10 0.710421 0.847695 0.054108 0.068136
10 0.287575 0.854709 0.038076 0.046092
10 0.226453 0.881764 0.080160 0.060120
10 0.764529 0.869739 0.026052 0.028056
10 0.048096 0.989980 0.028056 0.020040