10 0.513542 0.212500 0.106250 0.162500
10 0.295833 0.275000 0.125000 0.212500
10 0.568750 0.268750 0.045833 0.062500
10 0.664583 0.273438 0.029167 0.046875
10 0.117708 0.403125 0.056250 0.143750
10 0.880208 0.417187 0.093750 0.165625
10 0.023958 0.437500 0.047917 0.150000
10 0.382292 0.409375 0.056250 0.087500
10 0.610417 0.431250 0.058333 0.081250
10 0.807292 0.425000 0.031250 0.031250
10 0.169792 0.451562 0.056250 0.078125
10 0.286458 0.485938 0.056250 0.071875
10 0.450000 0.500000 0.050000 0.068750
10 0.707292 0.490625 0.039583 0.056250
10 0.340625 0.509375 0.035417 0.062500
10 0.867708 0.643750 0.185417 0.287500
10 0.592708 0.598437 0.106250 0.134375
10 0.104167 0.617188 0.041667 0.103125
10 0.395833 0.657813 0.041667 0.059375
10 0.430208 0.762500 0.043750 0.087500
10 0.647917 0.843750 0.279167 0.125000
10 0.279167 0.860938 0.058333 0.059375