10 0.117391 0.137987 0.060870 0.100649
10 0.358696 0.131494 0.026087 0.042208
10 0.409783 0.198052 0.093478 0.038961
10 0.440217 0.277597 0.089130 0.126623
10 0.547826 0.293831 0.073913 0.152597
10 0.488043 0.245130 0.045652 0.048701
10 0.350000 0.391234 0.173913 0.269481
10 0.501087 0.383117 0.023913 0.038961
10 0.617391 0.392857 0.017391 0.045455
10 0.497826 0.477273 0.026087 0.032468
10 0.093478 0.561688 0.030435 0.077922
10 0.494565 0.589286 0.036957 0.133117
10 0.457609 0.621753 0.036957 0.107143
10 0.378261 0.649351 0.113043 0.142857
10 0.490217 0.689935 0.023913 0.042208