10 0.483750 0.015000 0.032500 0.023333
10 0.798750 0.031667 0.047500 0.063333
10 0.635000 0.038333 0.035000 0.050000
10 0.703750 0.070000 0.057500 0.080000
10 0.855000 0.080000 0.095000 0.106667
10 0.047500 0.098333 0.095000 0.116667
10 0.767500 0.110000 0.030000 0.053333
10 0.505000 0.140000 0.080000 0.106667
10 0.406250 0.240000 0.332500 0.293333
10 0.913750 0.241667 0.172500 0.250000
10 0.737500 0.150000 0.035000 0.053333
10 0.677500 0.278333 0.030000 0.043333
10 0.015000 0.336667 0.030000 0.053333
10 0.135000 0.356667 0.050000 0.060000
10 0.830000 0.471667 0.185000 0.263333
10 0.301250 0.405000 0.042500 0.083333
10 0.062500 0.420000 0.035000 0.060000
10 0.565000 0.433333 0.035000 0.046667
10 0.471250 0.528333 0.067500 0.156667
10 0.565000 0.495000 0.035000 0.063333
10 0.326250 0.521667 0.072500 0.090000
10 0.301250 0.603333 0.057500 0.100000
10 0.235000 0.596667 0.050000 0.073333
10 0.145000 0.641667 0.150000 0.143333
10 0.436250 0.683333 0.042500 0.060000
10 0.967500 0.708333 0.060000 0.096667
10 0.173750 0.773333 0.132500 0.126667
10 0.882500 0.756667 0.085000 0.100000
10 0.273750 0.791667 0.057500 0.076667
10 0.391250 0.833333 0.072500 0.113333
10 0.537500 0.853333 0.155000 0.113333
10 0.225000 0.911667 0.190000 0.176667
10 0.392500 0.958333 0.085000 0.083333