10 0.235937 0.181818 0.078125 0.066986
10 0.652344 0.191388 0.073438 0.086124
10 0.562500 0.223684 0.028125 0.050239
10 0.200000 0.240431 0.025000 0.040670
10 0.262500 0.295455 0.034375 0.055024
10 0.653125 0.340909 0.025000 0.035885
10 0.728906 0.374402 0.057813 0.069378
10 0.508594 0.437799 0.145313 0.167464
10 0.639062 0.442584 0.046875 0.047847
10 0.685156 0.450957 0.029687 0.035885
10 0.435156 0.507177 0.054688 0.110048
10 0.667969 0.500000 0.017188 0.023923
10 0.590625 0.532297 0.071875 0.069378
10 0.314063 0.577751 0.100000 0.122010
10 0.559375 0.666268 0.037500 0.083732
10 0.683594 0.637560 0.020313 0.021531
10 0.177344 0.776316 0.082812 0.136364