10 0.684259 0.062500 0.025926 0.020833
10 0.631944 0.060764 0.013889 0.013194
10 0.763889 0.064236 0.012963 0.009028
10 0.795370 0.074653 0.027778 0.014583
10 0.731944 0.080208 0.010185 0.007639
10 0.776852 0.095486 0.012963 0.011806
10 0.843056 0.104861 0.019444 0.023611
10 0.792593 0.127083 0.009259 0.009722
10 0.808796 0.149653 0.023148 0.017361
10 0.196759 0.243056 0.013889 0.008333
10 0.585648 0.279861 0.026852 0.022222
10 0.618519 0.298611 0.179630 0.051389
10 0.568519 0.297917 0.011111 0.009722
10 0.745370 0.332986 0.024074 0.022917
10 0.201389 0.335764 0.023148 0.024306
10 0.561111 0.401389 0.218519 0.140278
10 0.118519 0.345486 0.051852 0.027083
10 0.541204 0.350694 0.015741 0.015278
10 0.611574 0.361806 0.015741 0.022222
10 0.794444 0.388194 0.109259 0.059722
10 0.694444 0.415625 0.012963 0.009028
10 0.886574 0.475347 0.206481 0.114583
10 0.309722 0.464236 0.076852 0.084028
10 0.683333 0.438542 0.020370 0.025694
10 0.522685 0.452083 0.082407 0.027778
10 0.712500 0.451389 0.013889 0.011111
10 0.455556 0.457292 0.014815 0.014583
10 0.563426 0.512500 0.013889 0.006944
10 0.585648 0.518750 0.015741 0.008333
10 0.668981 0.546528 0.060185 0.037500
10 0.491667 0.553125 0.046296 0.040972
10 0.670833 0.605903 0.017593 0.011806
10 0.643519 0.617014 0.014815 0.013194
10 0.862037 0.670486 0.050000 0.039583
10 0.699537 0.679861 0.036111 0.023611
10 0.656019 0.713194 0.023148 0.008333
10 0.612500 0.722569 0.043519 0.021528
10 0.989352 0.746528 0.019444 0.033333
10 0.544907 0.841667 0.269444 0.219444
10 0.701389 0.764583 0.039815 0.018056