10 0.332031 0.127784 0.079687 0.070340
10 0.022656 0.237984 0.045312 0.056272
10 0.339062 0.263189 0.034375 0.022274
10 0.264062 0.286049 0.093750 0.042204
10 0.890625 0.413247 0.046875 0.033998
10 0.164844 0.474795 0.073438 0.075029
10 0.679688 0.548066 0.140625 0.177022
10 0.281250 0.560961 0.043750 0.022274
10 0.199219 0.604338 0.054688 0.106682
10 0.400000 0.618406 0.093750 0.101993
10 0.315625 0.589097 0.025000 0.019930
10 0.321875 0.754396 0.075000 0.064478
10 0.422656 0.816530 0.035937 0.019930
10 0.441406 0.856975 0.026562 0.018757