10 0.340833 0.218750 0.261667 0.417500
10 0.987500 0.107500 0.021667 0.070000
10 0.557500 0.283750 0.021667 0.042500
10 0.383333 0.393750 0.053333 0.057500
10 0.494167 0.397500 0.025000 0.040000
10 0.830833 0.431250 0.041667 0.072500
10 0.443333 0.470000 0.136667 0.100000
10 0.324167 0.460000 0.038333 0.060000
10 0.260000 0.532500 0.070000 0.105000
10 0.171667 0.511250 0.046667 0.052500
10 0.051667 0.526250 0.046667 0.057500
10 0.504167 0.748750 0.271667 0.452500
10 0.198333 0.853750 0.040000 0.047500
10 0.824167 0.946250 0.091667 0.107500
10 0.736667 0.956250 0.036667 0.047500