10 0.605093 0.185802 0.036111 0.053086
10 0.171296 0.217901 0.027778 0.043210
10 0.503241 0.462346 0.008333 0.011111
10 0.554167 0.469753 0.019444 0.025926
10 0.577778 0.467284 0.011111 0.016049
10 0.459722 0.468519 0.008333 0.013580
10 0.446296 0.478395 0.014815 0.018519
10 0.471296 0.481481 0.016667 0.022222
10 0.584259 0.490123 0.007407 0.014815
10 0.521296 0.503704 0.011111 0.017284
10 0.446296 0.507407 0.009259 0.012346
10 0.447685 0.525309 0.008333 0.011111
10 0.533796 0.543210 0.023148 0.027160
10 0.578241 0.545679 0.013889 0.024691
10 0.522222 0.616667 0.014815 0.018519