10 0.292187 0.200680 0.018750 0.015873
10 0.246875 0.226757 0.031250 0.049887
10 0.352344 0.303855 0.029687 0.040816
10 0.171875 0.403628 0.015625 0.036281
10 0.628906 0.426304 0.029687 0.045351
10 0.512500 0.448980 0.028125 0.040816
10 0.357812 0.446712 0.015625 0.027211
10 0.457813 0.475057 0.031250 0.038549
10 0.614844 0.482993 0.029687 0.027211
10 0.562500 0.500000 0.050000 0.056689
10 0.721094 0.487528 0.051562 0.031746
10 0.824219 0.511338 0.017188 0.029478
10 0.771875 0.520408 0.028125 0.029478
10 0.624219 0.523810 0.023438 0.022676
10 0.288281 0.552154 0.029687 0.047619
10 0.796094 0.541950 0.020313 0.031746
10 0.340625 0.574830 0.075000 0.070295
10 0.194531 0.571429 0.035937 0.040816
10 0.761719 0.580499 0.020313 0.036281
10 0.407031 0.604308 0.035937 0.056689
10 0.688281 0.636054 0.032813 0.047619
10 0.530469 0.670068 0.045312 0.106576
10 0.638281 0.679138 0.048438 0.074830
10 0.413281 0.684807 0.032813 0.036281
10 0.471875 0.704082 0.031250 0.029478
10 0.503906 0.713152 0.001563 0.002268
10 0.508594 0.715420 0.001563 0.002268
10 0.325000 0.960317 0.190625 0.079365