10 0.703125 0.030000 0.041250 0.046667
10 0.742500 0.065833 0.052500 0.075000
10 0.663750 0.145000 0.185000 0.133333
10 0.538125 0.207500 0.023750 0.051667
10 0.043750 0.216667 0.067500 0.063333
10 0.738125 0.375833 0.141250 0.351667
10 0.605625 0.254167 0.031250 0.071667
10 0.233750 0.247500 0.035000 0.041667
10 0.332500 0.260833 0.032500 0.051667
10 0.543125 0.282500 0.036250 0.051667
10 0.888750 0.295000 0.070000 0.070000
10 0.270000 0.340833 0.085000 0.138333
10 0.470000 0.289167 0.022500 0.038333
10 0.213750 0.305833 0.045000 0.048333
10 0.125000 0.319167 0.032500 0.048333
10 0.572500 0.328333 0.047500 0.050000
10 0.323125 0.351667 0.043750 0.083333
10 0.955625 0.353333 0.068750 0.073333
10 0.501250 0.352500 0.042500 0.058333
10 0.445625 0.366667 0.048750 0.070000
10 0.182500 0.382500 0.065000 0.078333
10 0.579375 0.508333 0.173750 0.290000
10 0.077500 0.392500 0.047500 0.048333
10 0.196875 0.462500 0.108750 0.071667
10 0.120625 0.511667 0.038750 0.133333
10 0.394375 0.535833 0.071250 0.058333
10 0.650625 0.639167 0.108750 0.181667
10 0.196250 0.646667 0.120000 0.163333
10 0.296250 0.677500 0.137500 0.225000
10 0.476250 0.594167 0.032500 0.035000
10 0.458125 0.592500 0.001250 0.001667
10 0.451875 0.595833 0.001250 0.001667
10 0.455000 0.594167 0.002500 0.001667
10 0.376250 0.701667 0.140000 0.206667
10 0.448125 0.597500 0.001250 0.001667
10 0.724375 0.680000 0.026250 0.046667
10 0.619375 0.788333 0.098750 0.200000
10 0.814375 0.845000 0.136250 0.290000
10 0.460625 0.852500 0.133750 0.295000
10 0.433125 0.760833 0.036250 0.061667
10 0.140000 0.775833 0.062500 0.058333
10 0.690625 0.778333 0.021250 0.040000
10 0.080000 0.881667 0.090000 0.143333
10 0.349375 0.903333 0.128750 0.150000
10 0.670625 0.908333 0.038750 0.056667