11 0.458889 0.190635 0.042222 0.093645
11 0.879444 0.324415 0.218889 0.096990
11 0.324444 0.378763 0.086667 0.185619
11 0.757222 0.392977 0.087778 0.123746
11 0.543333 0.494147 0.068889 0.095318
11 0.345556 0.514214 0.053333 0.108696
11 0.475000 0.536789 0.085556 0.147157
11 0.243333 0.627926 0.102222 0.162207
11 0.365556 0.611204 0.120000 0.112040
11 0.652222 0.787625 0.100000 0.137124
11 0.338889 0.781773 0.140000 0.108696
11 0.082222 0.862876 0.082222 0.220736
11 0.492778 0.860368 0.087778 0.135452