10 0.366873 0.116708 0.120743 0.115479
10 0.273994 0.232187 0.040248 0.036855
10 0.631579 0.251843 0.055728 0.051597
10 0.246130 0.297297 0.058824 0.054054
10 0.696594 0.294840 0.049536 0.034398
10 0.232198 0.395577 0.099071 0.093366
10 0.362229 0.476658 0.179567 0.201474
10 0.716718 0.420147 0.058824 0.044226
10 0.591331 0.444717 0.055728 0.078624
10 0.523220 0.466830 0.043344 0.034398
10 0.795666 0.492629 0.061920 0.041769
10 0.702786 0.500000 0.043344 0.036855
10 0.342105 0.568796 0.170279 0.130221
10 0.685759 0.605651 0.157895 0.100737
10 0.569659 0.669533 0.055728 0.041769
10 0.631579 0.716216 0.049536 0.041769
10 0.735294 0.724816 0.065015 0.054054