11 0.382794 0.069944 0.226328 0.139887
11 0.137413 0.063664 0.211316 0.118666
11 0.326790 0.343439 0.240185 0.446081
11 0.497402 0.259203 0.159931 0.216977
11 0.500866 0.521221 0.198037 0.152014
11 0.192552 0.537029 0.155312 0.058900
11 0.816686 0.590299 0.072171 0.110004
11 0.284931 0.562365 0.000577 0.000433
11 0.286085 0.562798 0.000577 0.000433
11 0.287240 0.563231 0.000577 0.000433
11 0.325924 0.610871 0.119515 0.094846
11 0.273383 0.686444 0.187644 0.218276
11 0.435335 0.734517 0.128176 0.288437
11 0.734700 0.697488 0.386259 0.114768
11 0.928695 0.679731 0.000577 0.000433
11 0.809180 0.716544 0.300808 0.071460
11 0.517032 0.745994 0.046767 0.089649
11 0.497402 0.863794 0.122979 0.073192