10 0.374167 0.097368 0.061667 0.173684
10 0.490833 0.111842 0.035000 0.050000
10 0.594167 0.178947 0.025000 0.047368
10 0.433333 0.273684 0.083333 0.121053
10 0.673333 0.309211 0.080000 0.139474
10 0.105833 0.322368 0.025000 0.034211
10 0.036667 0.331579 0.030000 0.042105
10 0.710833 0.348684 0.058333 0.060526
10 0.580833 0.355263 0.025000 0.036842
10 0.256667 0.376316 0.033333 0.047368
10 0.140000 0.443421 0.246667 0.139474
10 0.685833 0.407895 0.031667 0.047368
10 0.585833 0.446053 0.041667 0.065789
10 0.542500 0.442105 0.021667 0.042105
10 0.667500 0.482895 0.035000 0.055263
10 0.480000 0.584211 0.083333 0.168421
10 0.610833 0.567105 0.045000 0.071053
10 0.136667 0.614474 0.056667 0.086842
10 0.095833 0.596053 0.031667 0.044737
10 0.520000 0.702632 0.116667 0.173684
10 0.139167 0.680263 0.051667 0.113158
10 0.433333 0.723684 0.036667 0.100000
10 0.229167 0.728947 0.038333 0.057895
10 0.190833 0.797368 0.035000 0.042105
10 0.197500 0.892105 0.125000 0.110526