10 0.581311 0.330909 0.104369 0.116364
10 0.376214 0.301818 0.033981 0.050909
10 0.498786 0.320000 0.046117 0.058182
10 0.411408 0.374545 0.075243 0.101818
10 0.709951 0.345455 0.031553 0.050909
10 0.483010 0.409091 0.048544 0.061818
10 0.722087 0.449091 0.070388 0.141818
10 0.650485 0.461818 0.097087 0.138182
10 0.344660 0.487273 0.053398 0.087273
10 0.564320 0.485455 0.065534 0.083636
10 0.412621 0.527273 0.063107 0.109091
10 0.668689 0.603636 0.065534 0.116364
10 0.570388 0.640000 0.072816 0.116364
10 0.296117 0.674545 0.029126 0.090909
10 0.412621 0.710909 0.048544 0.090909
10 0.554612 0.830909 0.060680 0.054545