10 0.579688 0.091667 0.025000 0.041667
10 0.682813 0.209375 0.028125 0.039583
10 0.626563 0.282292 0.028125 0.035417
10 0.325781 0.380208 0.060937 0.047917
10 0.650000 0.403125 0.062500 0.097917
10 0.576562 0.406250 0.021875 0.033333
10 0.347656 0.453125 0.073438 0.122917
10 0.301563 0.417708 0.021875 0.031250
10 0.706250 0.504167 0.056250 0.054167
10 0.467969 0.591667 0.248438 0.204167
10 0.649219 0.569792 0.067187 0.064583
10 0.602344 0.614583 0.057813 0.054167
10 0.575000 0.700000 0.037500 0.066667
10 0.280469 0.771875 0.070312 0.097917