10 0.688000 0.180000 0.036000 0.072000
10 0.641000 0.217000 0.026000 0.030000
10 0.617000 0.268000 0.038000 0.060000
10 0.681000 0.299000 0.018000 0.026000
10 0.618000 0.359000 0.016000 0.030000
10 0.415000 0.459000 0.030000 0.042000
10 0.649000 0.470000 0.034000 0.036000
10 0.557000 0.482000 0.030000 0.052000
10 0.822000 0.486000 0.132000 0.048000
10 0.648000 0.509000 0.036000 0.034000
10 0.391000 0.515000 0.034000 0.038000
10 0.447000 0.555000 0.050000 0.074000
10 0.536000 0.550000 0.048000 0.056000
10 0.377000 0.550000 0.030000 0.032000