10 0.554375 0.032505 0.033750 0.045889
10 0.411250 0.051625 0.027500 0.065010
10 0.605625 0.073614 0.041250 0.043977
10 0.491250 0.119503 0.065000 0.070746
10 0.197500 0.156788 0.037500 0.049713
10 0.615000 0.224665 0.052500 0.177820
10 0.498750 0.275335 0.037500 0.045889
10 0.262500 0.269598 0.040000 0.026769
10 0.116875 0.334608 0.018750 0.026769
10 0.428750 0.524857 0.062500 0.074570
10 0.871250 0.520076 0.037500 0.042065
10 0.824375 0.551625 0.023750 0.040153
10 0.086250 0.569790 0.045000 0.045889
10 0.418125 0.675908 0.038750 0.043977
10 0.851250 0.725621 0.067500 0.070746
10 0.121250 0.913002 0.025000 0.047801
10 0.240625 0.979924 0.046250 0.036329
10 0.556250 0.985660 0.052500 0.024857