10 0.581395 0.098485 0.050740 0.106061
10 0.638478 0.291667 0.038055 0.113636
10 0.800211 0.375000 0.171247 0.250000
10 0.549683 0.308712 0.038055 0.071970
10 0.336152 0.445076 0.118393 0.291667
10 0.482030 0.473485 0.139535 0.181818
10 0.704017 0.503788 0.033827 0.060606
10 0.741015 0.498106 0.019027 0.034091
10 0.579281 0.651515 0.131078 0.318182
10 0.200846 0.609848 0.042283 0.068182
10 0.767442 0.732955 0.042283 0.079545
10 0.429175 0.814394 0.042283 0.068182
10 0.504228 0.962121 0.035941 0.053030
10 0.588795 0.962121 0.031712 0.053030