10 0.170000 0.013768 0.022353 0.027536
10 0.601176 0.025362 0.030588 0.039130
10 0.720588 0.059420 0.038824 0.049275
10 0.352941 0.163768 0.028235 0.043478
10 0.136471 0.159420 0.023529 0.028986
10 0.077647 0.177536 0.016471 0.024638
10 0.129412 0.207246 0.016471 0.017391
10 0.400588 0.248551 0.029412 0.042029
10 0.099412 0.289130 0.012941 0.021739
10 0.364706 0.334783 0.025882 0.043478
10 0.428235 0.355072 0.016471 0.023188
10 0.254706 0.472464 0.024706 0.026087
10 0.580588 0.489855 0.024706 0.037681
10 0.776471 0.494203 0.016471 0.040580
10 0.630588 0.519565 0.021176 0.027536
10 0.695294 0.544203 0.016471 0.030435
10 0.755882 0.554348 0.022353 0.039130
10 0.092941 0.560145 0.023529 0.027536
10 0.797059 0.586957 0.045882 0.049275
10 0.542941 0.578261 0.012941 0.020290
10 0.518235 0.595652 0.024706 0.040580
10 0.404118 0.597101 0.031765 0.037681
10 0.227647 0.610870 0.024706 0.030435
10 0.055882 0.614493 0.027059 0.034783
10 0.457647 0.678261 0.058824 0.086957
10 0.368235 0.657246 0.025882 0.039130
10 0.574118 0.676087 0.028235 0.039130
10 0.538824 0.697826 0.021176 0.047826
10 0.676471 0.721014 0.068235 0.079710
10 0.384706 0.705072 0.049412 0.033333
10 0.264118 0.709420 0.017647 0.021739
10 0.947647 0.718841 0.022353 0.034783
10 0.850000 0.728986 0.027059 0.040580
10 0.491765 0.739855 0.014118 0.027536
10 0.801176 0.743478 0.028235 0.037681
10 0.881765 0.741304 0.027059 0.024638
10 0.914118 0.769565 0.021176 0.055072
10 0.440000 0.799275 0.028235 0.030435
10 0.650588 0.824638 0.025882 0.034783
10 0.901176 0.828261 0.023529 0.030435
10 0.486471 0.849275 0.052941 0.069565
10 0.844706 0.860870 0.018824 0.040580
10 0.567059 0.882609 0.018824 0.031884
10 0.690000 0.948551 0.031765 0.039130