10 0.213333 0.102222 0.063333 0.066667
10 0.306667 0.087778 0.050000 0.042222
10 0.369167 0.106667 0.038333 0.040000
10 0.445833 0.127778 0.061667 0.068889
10 0.266667 0.143333 0.123333 0.086667
10 0.156667 0.145556 0.030000 0.042222
10 0.132500 0.206667 0.028333 0.062222
10 0.285833 0.296667 0.125000 0.166667
10 0.401667 0.237778 0.036667 0.031111
10 0.110833 0.317778 0.035000 0.102222
10 0.169167 0.458889 0.055000 0.197778
10 0.093333 0.457778 0.040000 0.160000
10 0.720000 0.461111 0.050000 0.051111
10 0.255000 0.471111 0.036667 0.057778
10 0.783333 0.494444 0.063333 0.073333
10 0.212500 0.510000 0.025000 0.042222
10 0.269167 0.546667 0.061667 0.084444
10 0.180000 0.578889 0.023333 0.037778
10 0.232500 0.617778 0.051667 0.075556
10 0.299167 0.633333 0.041667 0.044444
10 0.578333 0.654444 0.036667 0.055556
10 0.715000 0.755556 0.040000 0.062222
10 0.577500 0.785556 0.041667 0.055556
10 0.600833 0.922222 0.031667 0.048889
10 0.742500 0.958889 0.041667 0.060000