10 0.744063 0.185583 0.321900 0.371166
10 0.368074 0.052147 0.034301 0.061350
10 0.249340 0.220859 0.102902 0.245399
10 0.335092 0.338957 0.094987 0.138037
10 0.587071 0.322086 0.050132 0.049080
10 0.639842 0.332822 0.039578 0.039877
10 0.397098 0.389571 0.034301 0.030675
10 0.581794 0.401840 0.029024 0.036810
10 0.625330 0.406442 0.026385 0.033742
10 0.296834 0.453988 0.044855 0.085890
10 0.550132 0.472393 0.023747 0.024540
10 0.298153 0.621166 0.121372 0.052147
10 0.166227 0.642638 0.094987 0.058282
10 0.085752 0.665644 0.044855 0.036810
10 0.691293 0.849693 0.343008 0.300613
10 0.026385 0.746933 0.042216 0.052147
10 0.166227 0.751534 0.068602 0.061350
10 0.306069 0.789877 0.137203 0.125767
10 0.213720 0.779141 0.052770 0.079755
10 0.630607 0.917178 0.079156 0.098160