10 0.101667 0.088158 0.093333 0.160526
10 0.325000 0.138158 0.030000 0.050000
10 0.834167 0.332895 0.031667 0.044737
10 0.627500 0.348684 0.035000 0.050000
10 0.432500 0.384211 0.035000 0.057895
10 0.657500 0.406579 0.051667 0.065789
10 0.857500 0.452632 0.055000 0.100000
10 0.758333 0.457895 0.040000 0.078947
10 0.105833 0.452632 0.025000 0.042105
10 0.591667 0.478947 0.036667 0.063158
10 0.686667 0.490789 0.063333 0.065789
10 0.505000 0.513158 0.110000 0.068421
10 0.205833 0.526316 0.058333 0.084211
10 0.870000 0.550000 0.083333 0.063158
10 0.560000 0.571053 0.043333 0.068421
10 0.443333 0.660526 0.056667 0.105263
10 0.223333 0.753947 0.046667 0.065789
10 0.135833 0.789474 0.095000 0.068421
10 0.265000 0.823684 0.040000 0.047368
10 0.028333 0.830263 0.056667 0.050000
10 0.346667 0.823684 0.026667 0.036842
10 0.459167 0.851316 0.028333 0.050000
10 0.555833 0.886842 0.035000 0.068421
10 0.505833 0.919737 0.045000 0.086842
10 0.455833 0.910526 0.025000 0.042105
10 0.380833 0.919737 0.028333 0.050000
10 0.439167 0.972368 0.035000 0.055263