10 0.195000 0.287500 0.090000 0.135000
10 0.285000 0.298750 0.036667 0.072500
10 0.758333 0.318750 0.036667 0.047500
10 0.320000 0.340000 0.016667 0.040000
10 0.652500 0.366250 0.028333 0.057500
10 0.746667 0.383750 0.093333 0.077500
10 0.605000 0.421250 0.020000 0.037500
10 0.345833 0.428750 0.015000 0.032500
10 0.284167 0.505000 0.028333 0.055000
10 0.582500 0.513750 0.021667 0.032500
10 0.641667 0.580000 0.033333 0.060000
10 0.218333 0.681250 0.050000 0.082500
10 0.707500 0.758750 0.055000 0.087500