10 0.379630 0.044444 0.025926 0.016667
10 0.574074 0.108333 0.012963 0.009722
10 0.013426 0.112500 0.023148 0.013889
10 0.395833 0.122917 0.021296 0.013889
10 0.170833 0.125694 0.023148 0.016667
10 0.613889 0.122222 0.012963 0.011111
10 0.580093 0.150347 0.013889 0.013194
10 0.212500 0.167708 0.034259 0.031250
10 0.412963 0.166319 0.011111 0.025694
10 0.531019 0.162500 0.021296 0.013889
10 0.368981 0.169097 0.013889 0.018750
10 0.088426 0.184722 0.026852 0.012500
10 0.491667 0.196181 0.018519 0.028472
10 0.112500 0.338194 0.225000 0.290278
10 0.723148 0.231250 0.094444 0.045833
10 0.612037 0.222569 0.050000 0.013194
10 0.478241 0.223264 0.023148 0.009028
10 0.521759 0.227778 0.015741 0.012500
10 0.405093 0.228819 0.041667 0.010417
10 0.543981 0.232639 0.019444 0.015278
10 0.370833 0.231944 0.017593 0.009722
10 0.341204 0.240625 0.015741 0.013194
10 0.413426 0.241319 0.017593 0.010417
10 0.429630 0.250694 0.014815 0.012500
10 0.349537 0.268750 0.037963 0.029167
10 0.262037 0.303819 0.133333 0.096528
10 0.407407 0.280903 0.018519 0.018750
10 0.540741 0.284028 0.031481 0.011111
10 0.390741 0.294444 0.022222 0.012500
10 0.468519 0.301389 0.053704 0.023611
10 0.493519 0.372222 0.170370 0.145833
10 0.342593 0.323958 0.027778 0.034028
10 0.399074 0.322917 0.066667 0.020833
10 0.484722 0.317014 0.025000 0.006250
10 0.379630 0.360417 0.012963 0.020833
10 0.884259 0.487847 0.229630 0.232639
10 0.537500 0.425347 0.010185 0.010417
10 0.508796 0.441319 0.041667 0.027083
10 0.987963 0.528125 0.022222 0.014583
10 0.592130 0.528819 0.013889 0.011806
10 0.657870 0.544444 0.058333 0.041667
10 0.727315 0.540972 0.023148 0.019444
10 0.758333 0.540972 0.025926 0.016667
10 0.747685 0.575347 0.047222 0.020139
10 0.562500 0.573611 0.010185 0.009722
10 0.678241 0.601736 0.099074 0.065972
10 0.541204 0.583333 0.015741 0.011111
10 0.730093 0.623958 0.015741 0.013194
10 0.655556 0.668750 0.044444 0.034722