10 0.976852 0.079167 0.035185 0.058333
10 0.582407 0.305556 0.031481 0.072222
10 0.580556 0.376389 0.016667 0.041667
10 0.543519 0.401389 0.027778 0.052778
10 0.264815 0.398611 0.022222 0.041667
10 0.520370 0.494444 0.066667 0.094444
10 0.330556 0.494444 0.072222 0.072222
10 0.585185 0.480556 0.022222 0.038889
10 0.450000 0.497222 0.022222 0.050000
10 0.376852 0.612500 0.064815 0.102778
10 0.531481 0.584722 0.029630 0.041667
10 0.510185 0.631944 0.031481 0.075000
10 0.556481 0.622222 0.027778 0.033333
10 0.450000 0.641667 0.025926 0.044444
10 0.545370 0.695833 0.050000 0.075000