10 0.336806 0.041667 0.027778 0.052469
10 0.500868 0.081790 0.015625 0.052469
10 0.562500 0.094136 0.041667 0.064815
10 0.899306 0.086420 0.024306 0.049383
10 0.459201 0.138889 0.057292 0.080247
10 0.494792 0.209877 0.045139 0.055556
10 0.444444 0.365741 0.034722 0.070988
10 0.495660 0.425926 0.046875 0.098765
10 0.466146 0.487654 0.039931 0.074074
10 0.032118 0.498457 0.064236 0.070988
10 0.536458 0.651235 0.076389 0.148148
10 0.434896 0.652778 0.046875 0.077160
10 0.575521 0.865741 0.095486 0.268519