10 0.584661 0.161677 0.045817 0.095808
10 0.681275 0.185629 0.051793 0.113772
10 0.535857 0.306886 0.031873 0.044910
10 0.615538 0.374251 0.123506 0.137725
10 0.547809 0.491018 0.023904 0.041916
10 0.544821 0.559880 0.021912 0.041916
10 0.625498 0.636228 0.071713 0.092814
10 0.437251 0.735030 0.049801 0.152695
10 0.753984 0.687126 0.033865 0.044910
10 0.342629 0.721557 0.035857 0.065868
10 0.587649 0.715569 0.027888 0.041916
10 0.354582 0.896707 0.035857 0.074850
10 0.525896 0.941617 0.079681 0.104790