11 0.661374 0.031832 0.073326 0.057601
11 0.762991 0.025552 0.087182 0.037246
11 0.753753 0.058034 0.102194 0.023387
11 0.571305 0.416414 0.101039 0.233434
11 0.308025 0.400606 0.076790 0.038978
11 0.218245 0.420961 0.070439 0.058900
11 0.130485 0.444565 0.081986 0.052404
11 0.674076 0.464920 0.079099 0.093114
11 0.068707 0.519272 0.121247 0.066696
11 0.917725 0.558683 0.094111 0.028584
11 0.185912 0.724773 0.229792 0.052404
11 0.208718 0.794283 0.095266 0.038978
11 0.320727 0.793634 0.058314 0.037679
11 0.640012 0.836942 0.047921 0.040277
11 0.213915 0.924859 0.271940 0.146817
11 0.842379 0.896709 0.184758 0.078389
11 0.541570 0.899307 0.048499 0.040277
11 0.325346 0.941966 0.256928 0.110004
11 0.730947 0.931789 0.103926 0.076657
11 0.905889 0.958640 0.066975 0.043742