10 0.936667 0.084507 0.040000 0.112676
10 0.410000 0.164789 0.190000 0.183099
10 0.489167 0.249296 0.275000 0.329577
10 0.640000 0.145070 0.026667 0.025352
10 0.730000 0.428169 0.126667 0.461972
10 0.286667 0.336620 0.063333 0.132394
10 0.630833 0.322535 0.035000 0.053521
10 0.569167 0.390141 0.038333 0.064789
10 0.644167 0.394366 0.041667 0.056338
10 0.469167 0.671831 0.461667 0.600000
10 0.585000 0.509859 0.143333 0.163380
10 0.718333 0.476056 0.026667 0.073239
10 0.718333 0.616901 0.056667 0.163380