10 0.582083 0.355556 0.064167 0.213333
10 0.441250 0.271852 0.044167 0.040000
10 0.507083 0.290370 0.032500 0.065185
10 0.408750 0.346667 0.067500 0.082963
10 0.636667 0.448148 0.026667 0.158519
10 0.617500 0.448148 0.028333 0.078519
10 0.558750 0.477778 0.057500 0.099259
10 0.492083 0.479259 0.019167 0.037037
10 0.542083 0.542222 0.022500 0.047407
10 0.570000 0.609630 0.118333 0.173333
10 0.501250 0.623704 0.024167 0.035556
10 0.863750 0.705185 0.065833 0.056296
10 0.450833 0.707407 0.023333 0.040000
10 0.490833 0.708889 0.016667 0.037037
10 0.984583 0.711852 0.030833 0.042963