10 0.565000 0.116864 0.110000 0.192308
10 0.887500 0.184911 0.105000 0.180473
10 0.121667 0.217456 0.026667 0.038462
10 0.030833 0.224852 0.028333 0.047337
10 0.938333 0.248521 0.076667 0.094675
10 0.764167 0.247041 0.031667 0.050296
10 0.329167 0.291420 0.031667 0.050296
10 0.843333 0.340237 0.033333 0.100592
10 0.908333 0.347633 0.023333 0.044379
10 0.715833 0.380178 0.028333 0.044379
10 0.765000 0.392012 0.050000 0.068047
10 0.878333 0.443787 0.043333 0.065089
10 0.784167 0.482249 0.028333 0.041420
10 0.122500 0.502959 0.031667 0.053254
10 0.630833 0.605030 0.111667 0.245562
10 0.725000 0.502959 0.023333 0.029586
10 0.224167 0.550296 0.028333 0.053254
10 0.810833 0.575444 0.058333 0.085799
10 0.045833 0.565089 0.021667 0.035503
10 0.739167 0.593195 0.021667 0.056213
10 0.150833 0.661243 0.105000 0.150888
10 0.060833 0.630178 0.021667 0.035503
10 0.690000 0.785503 0.153333 0.251479
10 0.568333 0.818047 0.030000 0.139053
10 0.529167 0.809172 0.018333 0.068047
10 0.292500 0.834320 0.028333 0.065089
10 0.232500 0.924556 0.041667 0.068047