10 0.599678 0.130841 0.041801 0.056075
10 0.308682 0.252336 0.141479 0.214953
10 0.532154 0.214953 0.054662 0.074766
10 0.628617 0.247664 0.035370 0.056075
10 0.731511 0.245327 0.035370 0.060748
10 0.107717 0.390187 0.061093 0.135514
10 0.956592 0.376168 0.048232 0.070093
10 0.416399 0.406542 0.054662 0.074766
10 0.670418 0.425234 0.048232 0.074766
10 0.167203 0.450935 0.057878 0.060748
10 0.305466 0.483645 0.057878 0.079439
10 0.491961 0.500000 0.051447 0.074766
10 0.782958 0.490654 0.041801 0.056075
10 0.372990 0.516355 0.032154 0.060748
10 0.651125 0.609813 0.112540 0.135514
10 0.090032 0.621495 0.032154 0.093458
10 0.930868 0.712617 0.138264 0.172897
10 0.429260 0.682243 0.048232 0.065421
10 0.469453 0.796729 0.051447 0.060748
10 0.710611 0.892523 0.308682 0.121495
10 0.295820 0.901869 0.051447 0.046729