10 0.407813 0.023333 0.059375 0.046667
10 0.498437 0.015556 0.025000 0.031111
10 0.414844 0.057778 0.023438 0.026667
10 0.479687 0.077778 0.018750 0.026667
10 0.921875 0.130000 0.115625 0.104444
10 0.420312 0.114444 0.059375 0.060000
10 0.157812 0.123333 0.028125 0.042222
10 0.814063 0.134444 0.059375 0.046667
10 0.465625 0.146667 0.043750 0.053333
10 0.514062 0.246667 0.028125 0.040000
10 0.237500 0.297778 0.031250 0.057778
10 0.698438 0.296667 0.025000 0.028889
10 0.661719 0.306667 0.035937 0.035556
10 0.281250 0.318889 0.021875 0.024444
10 0.855469 0.337778 0.023438 0.035556
10 0.691406 0.343333 0.035937 0.033333
10 0.382812 0.363333 0.018750 0.028889
10 0.436719 0.386667 0.048438 0.057778
10 0.600000 0.377778 0.068750 0.031111
10 0.378125 0.402222 0.059375 0.044444
10 0.639062 0.408889 0.043750 0.026667
10 0.332813 0.427778 0.025000 0.028889
10 0.700000 0.444444 0.025000 0.017778
10 0.930469 0.471111 0.067187 0.066667
10 0.544531 0.466667 0.039062 0.026667
10 0.682031 0.471111 0.026562 0.026667
10 0.232031 0.485556 0.035937 0.037778
10 0.536719 0.527778 0.054688 0.055556
10 0.639062 0.528889 0.025000 0.044444
10 0.167187 0.528889 0.021875 0.026667
10 0.465625 0.545556 0.021875 0.037778
10 0.517969 0.587778 0.054688 0.064444
10 0.614062 0.610000 0.043750 0.086667
10 0.112500 0.604444 0.115625 0.062222
10 0.189844 0.586667 0.026562 0.026667
10 0.660156 0.595556 0.020313 0.040000
10 0.434375 0.637778 0.065625 0.097778
10 0.636719 0.724444 0.057813 0.195556
10 0.765625 0.640000 0.021875 0.026667
10 0.515625 0.671111 0.046875 0.053333
10 0.579688 0.662222 0.018750 0.022222
10 0.428906 0.790000 0.089063 0.255556
10 0.575000 0.706667 0.037500 0.026667
10 0.817187 0.730000 0.025000 0.033333
10 0.666406 0.766667 0.023438 0.031111
10 0.515625 0.806667 0.056250 0.097778
10 0.700781 0.803333 0.042188 0.055556
10 0.756250 0.833333 0.043750 0.053333
10 0.521094 0.888889 0.020313 0.026667
10 0.809375 0.900000 0.025000 0.031111
10 0.435156 0.967778 0.070312 0.064444