10 0.439167 0.092500 0.105000 0.080000
10 0.520000 0.066250 0.030000 0.027500
10 0.534167 0.093750 0.025000 0.032500
10 0.275833 0.123750 0.075000 0.082500
10 0.648333 0.171250 0.030000 0.042500
10 0.011667 0.183750 0.023333 0.042500
10 0.378333 0.245000 0.036667 0.065000
10 0.327500 0.276250 0.035000 0.072500
10 0.449167 0.306250 0.028333 0.042500
10 0.501667 0.317500 0.063333 0.060000
10 0.633333 0.327500 0.030000 0.050000
10 0.569167 0.360000 0.038333 0.045000
10 0.647500 0.393750 0.035000 0.052500
10 0.337500 0.421250 0.031667 0.042500
10 0.510000 0.457500 0.026667 0.040000
10 0.312500 0.492500 0.068333 0.095000
10 0.471667 0.482500 0.036667 0.045000
10 0.620000 0.506250 0.033333 0.092500
10 0.134167 0.508750 0.038333 0.077500
10 0.428333 0.526250 0.040000 0.067500
10 0.525833 0.538750 0.125000 0.067500
10 0.645000 0.562500 0.026667 0.035000
10 0.745833 0.612500 0.038333 0.055000
10 0.585833 0.653750 0.075000 0.092500
10 0.011667 0.642500 0.023333 0.045000
10 0.317500 0.688750 0.051667 0.057500
10 0.209167 0.763750 0.035000 0.032500
10 0.284167 0.812500 0.035000 0.105000
10 0.043333 0.781250 0.033333 0.027500
10 0.425833 0.793750 0.031667 0.047500
10 0.396667 0.907500 0.050000 0.085000
10 0.360000 0.978750 0.033333 0.042500