10 0.405345 0.312500 0.040089 0.055556
10 0.433185 0.368056 0.046771 0.055556
10 0.428731 0.421875 0.024499 0.038194
10 0.477728 0.508681 0.033408 0.052083
10 0.348552 0.543403 0.055679 0.114583
10 0.599109 0.501736 0.017817 0.031250
10 0.645880 0.515625 0.031180 0.045139
10 0.451002 0.574653 0.051225 0.059028
10 0.585746 0.557292 0.017817 0.031250
10 0.552339 0.571181 0.017817 0.024306
10 0.606904 0.604167 0.051225 0.083333
10 0.554566 0.618056 0.022272 0.034722
10 0.533408 0.699653 0.073497 0.135417
10 0.463252 0.711806 0.040089 0.076389
10 0.451002 0.784722 0.028953 0.062500
10 0.520045 0.826389 0.046771 0.055556
10 0.577951 0.814236 0.024499 0.031250
10 0.555679 0.871528 0.042316 0.055556