10 0.588558 0.397089 0.026646 0.033264
10 0.524295 0.422037 0.026646 0.029106
10 0.890282 0.426195 0.018809 0.033264
10 0.980408 0.439709 0.039185 0.056133
10 0.442006 0.501040 0.062696 0.070686
10 0.522727 0.488565 0.029781 0.029106
10 0.403605 0.574844 0.051724 0.039501
10 0.270376 0.583160 0.023511 0.039501
10 0.335423 0.616424 0.028213 0.039501
10 0.411442 0.645530 0.057994 0.089397
10 0.604232 0.676715 0.051724 0.047817
10 0.339342 0.690229 0.017241 0.029106
10 0.372257 0.724532 0.026646 0.060291
10 0.295455 0.721414 0.020376 0.033264
10 0.325235 0.733888 0.020376 0.033264
10 0.431034 0.778586 0.028213 0.043659
10 0.456113 0.799376 0.028213 0.056133
10 0.543103 0.819127 0.054859 0.083160
10 0.408307 0.828482 0.023511 0.035343