10 0.587838 0.159696 0.033784 0.019011
10 0.630912 0.557034 0.217905 0.167300
10 0.278716 0.518061 0.108108 0.051331
10 0.146959 0.538498 0.064189 0.021863
10 0.734797 0.630228 0.074324 0.055133
10 0.490709 0.665399 0.106419 0.104563
10 0.811655 0.625475 0.069257 0.026616
10 0.923986 0.657795 0.074324 0.045627
10 0.798986 0.691065 0.070946 0.064639
10 0.579392 0.693916 0.050676 0.028517
10 0.894426 0.701996 0.082770 0.027567
10 0.488176 0.844582 0.212838 0.308935
10 0.232264 0.735741 0.106419 0.066540
10 0.135135 0.750475 0.043919 0.050380
10 0.770270 0.751426 0.097973 0.052281
10 0.595439 0.795152 0.231419 0.063688
10 0.344595 0.914924 0.114865 0.139734
10 0.745777 0.930133 0.180743 0.139734