10 0.603906 0.138218 0.026562 0.034743
10 0.658594 0.271903 0.057813 0.051360
10 0.547656 0.320242 0.054688 0.039275
10 0.703125 0.336858 0.043750 0.045317
10 0.571094 0.387462 0.095312 0.055891
10 0.657813 0.420695 0.040625 0.043807
10 0.451562 0.459215 0.031250 0.030211
10 0.382031 0.544562 0.089063 0.104230
10 0.269531 0.536254 0.042188 0.036254
10 0.314844 0.549849 0.020313 0.030211
10 0.268750 0.581571 0.046875 0.027190
10 0.088281 0.597432 0.020313 0.031722
10 0.220312 0.673716 0.121875 0.154079
10 0.925781 0.627644 0.029687 0.025680
10 0.424219 0.653323 0.032813 0.028701
10 0.441406 0.678248 0.023438 0.024169
10 0.122656 0.687311 0.026562 0.024169
10 0.289844 0.697130 0.032813 0.037764
10 0.050781 0.694864 0.023438 0.021148
10 0.341406 0.696375 0.023438 0.027190
10 0.378125 0.760574 0.025000 0.022659
10 0.925000 0.775680 0.053125 0.046828
10 0.248438 0.768127 0.031250 0.025680
10 0.553906 0.793807 0.057813 0.061934
10 0.670312 0.776435 0.021875 0.027190
10 0.319531 0.780967 0.045312 0.024169
10 0.414844 0.784743 0.035937 0.028701
10 0.665625 0.809668 0.025000 0.027190
10 0.611719 0.807402 0.026562 0.016616
10 0.437500 0.839124 0.053125 0.074018
10 0.958594 0.826284 0.023438 0.024169
10 0.541406 0.868580 0.042188 0.036254
10 0.492188 0.888973 0.028125 0.025680
10 0.457031 0.897281 0.020313 0.021148
10 0.442188 0.959970 0.050000 0.080060
10 0.489844 0.955438 0.026562 0.028701
10 0.530469 0.963746 0.039062 0.045317