10 0.081481 0.011111 0.024074 0.019753
10 0.327778 0.029630 0.029630 0.046914
10 0.778704 0.024691 0.016667 0.027160
10 0.156019 0.027160 0.026852 0.029630
10 0.405093 0.028395 0.025000 0.017284
10 0.678241 0.052469 0.017593 0.038272
10 0.286111 0.056790 0.022222 0.034568
10 0.118519 0.054321 0.020370 0.022222
10 0.545833 0.054321 0.021296 0.017284
10 0.438426 0.078395 0.021296 0.030864
10 0.336574 0.086420 0.017593 0.022222
10 0.273611 0.100000 0.012037 0.014815
10 0.612963 0.120370 0.055556 0.050617
10 0.673611 0.146914 0.032407 0.093827
10 0.121296 0.201235 0.166667 0.180247
10 0.325926 0.166049 0.042593 0.038272
10 0.623611 0.176543 0.019444 0.032099
10 0.723611 0.226543 0.047222 0.107407
10 0.583333 0.189506 0.020370 0.023457
10 0.477315 0.222222 0.012037 0.014815
10 0.458796 0.230247 0.017593 0.020988
10 0.795833 0.337654 0.045370 0.156790
10 0.750926 0.291975 0.027778 0.033333
10 0.735185 0.317284 0.020370 0.029630
10 0.493519 0.320370 0.018519 0.023457
10 0.397222 0.330864 0.025926 0.032099
10 0.459722 0.335802 0.025000 0.037037
10 0.405556 0.382099 0.014815 0.018519
10 0.354167 0.417284 0.032407 0.046914
10 0.393519 0.417901 0.029630 0.025926
10 0.462963 0.442593 0.033333 0.043210
10 0.388889 0.518519 0.118519 0.138272
10 0.633796 0.485802 0.019444 0.020988
10 0.498148 0.521605 0.022222 0.025926
10 0.729167 0.545062 0.045370 0.062963
10 0.531944 0.562346 0.026852 0.030864
10 0.669907 0.562963 0.021296 0.024691
10 0.637037 0.609259 0.024074 0.025926
10 0.508796 0.641975 0.065741 0.086420
10 0.749537 0.633333 0.047222 0.069136
10 0.790741 0.629012 0.022222 0.023457
10 0.625463 0.721605 0.086111 0.137037
10 0.740278 0.741358 0.028704 0.035802
10 0.541667 0.774074 0.029630 0.079012
10 0.774074 0.805556 0.059259 0.050617
10 0.789352 0.855556 0.017593 0.027160