10 0.419531 0.214286 0.132812 0.067916
10 0.253906 0.241218 0.057813 0.056206
10 0.741406 0.258782 0.026562 0.025761
10 0.776563 0.276347 0.021875 0.037471
10 0.564063 0.283372 0.025000 0.032787
10 0.041406 0.299766 0.039062 0.042155
10 0.344531 0.344262 0.026562 0.056206
10 0.757812 0.359485 0.028125 0.063232
10 0.302344 0.366511 0.026562 0.049180
10 0.402344 0.392272 0.023438 0.039813
10 0.444531 0.402810 0.048438 0.042155
10 0.555469 0.407494 0.026562 0.042155
10 0.501563 0.433255 0.025000 0.042155
10 0.563281 0.469555 0.035937 0.039813
10 0.296094 0.543326 0.057813 0.084309
10 0.442188 0.557377 0.159375 0.103044
10 0.539062 0.557377 0.031250 0.074941
10 0.564063 0.607728 0.025000 0.030445
10 0.646094 0.644028 0.026562 0.046838
10 0.512500 0.675644 0.050000 0.067916
10 0.039062 0.667447 0.025000 0.028103
10 0.298438 0.713115 0.028125 0.044496
10 0.213281 0.771663 0.026562 0.035129
10 0.062500 0.778689 0.034375 0.030445
10 0.265625 0.792740 0.021875 0.044496
10 0.383594 0.792740 0.023438 0.030445
10 0.358594 0.888759 0.039062 0.067916
10 0.013281 0.941452 0.026562 0.103044
10 0.328906 0.955504 0.023438 0.046838