10 0.293333 0.042254 0.036667 0.084507
10 0.466667 0.194366 0.136667 0.338028
10 0.354167 0.143662 0.035000 0.090141
10 0.820833 0.159155 0.051667 0.070423
10 0.293333 0.174648 0.030000 0.061972
10 0.351667 0.332394 0.136667 0.202817
10 0.594167 0.352113 0.088333 0.174648
10 0.236667 0.467606 0.063333 0.332394
10 0.896667 0.347887 0.036667 0.064789
10 0.531667 0.354930 0.030000 0.067606
10 0.462500 0.405634 0.021667 0.056338
10 0.505000 0.450704 0.056667 0.078873
10 0.896667 0.491549 0.060000 0.087324
10 0.568333 0.497183 0.030000 0.059155
10 0.362500 0.564789 0.031667 0.064789
10 0.408333 0.571831 0.046667 0.084507
10 0.600833 0.584507 0.035000 0.081690
10 0.259167 0.733803 0.105000 0.267606
10 0.430000 0.781690 0.103333 0.273239
10 0.708333 0.816901 0.303333 0.315493
10 0.571667 0.704225 0.043333 0.078873
10 0.327500 0.763380 0.028333 0.073239
10 0.845833 0.763380 0.045000 0.050704
10 0.338333 0.921127 0.020000 0.061972