10 0.823958 0.085938 0.106250 0.171875
10 0.516667 0.159375 0.033333 0.075000
10 0.516667 0.282813 0.041667 0.071875
10 0.114583 0.279687 0.045833 0.053125
10 0.575000 0.326562 0.033333 0.065625
10 0.454167 0.335938 0.045833 0.071875
10 0.239583 0.381250 0.029167 0.043750
10 0.118750 0.448437 0.045833 0.171875
10 0.541667 0.465625 0.050000 0.056250
10 0.544792 0.523438 0.043750 0.053125
10 0.593750 0.534375 0.041667 0.043750
10 0.395833 0.595313 0.037500 0.065625
10 0.525000 0.610938 0.054167 0.065625
10 0.436458 0.676562 0.027083 0.046875
10 0.534375 0.685937 0.039583 0.046875
10 0.464583 0.751563 0.045833 0.059375