11 0.485938 0.090909 0.115625 0.149184
11 0.638281 0.171329 0.092188 0.118881
11 0.417969 0.223776 0.192188 0.125874
11 0.082031 0.278555 0.160938 0.123543
11 0.707031 0.289044 0.126562 0.102564
11 0.603906 0.331002 0.164062 0.135198
11 0.467969 0.346154 0.135937 0.142191
11 0.650781 0.417249 0.217188 0.139860
11 0.457813 0.465035 0.087500 0.137529
11 0.254688 0.607226 0.075000 0.165501
11 0.513281 0.824009 0.057813 0.090909
11 0.606250 0.867133 0.090625 0.116550
11 0.503125 0.967366 0.103125 0.065268