10 0.535101 0.016605 0.028081 0.028290
10 0.413417 0.016605 0.031201 0.023370
10 0.576443 0.026445 0.029641 0.028290
10 0.032761 0.034440 0.034321 0.024600
10 0.072543 0.057196 0.060842 0.065191
10 0.821373 0.051046 0.145086 0.038130
10 0.453198 0.052891 0.026521 0.027060
10 0.007800 0.062116 0.012480 0.018450
10 0.430577 0.076876 0.021841 0.025830
10 0.767551 0.086101 0.028081 0.022140
10 0.008580 0.085486 0.014041 0.018450
10 0.805772 0.091636 0.023401 0.020910
10 0.414977 0.108241 0.024961 0.024600
10 0.078783 0.198647 0.020281 0.018450
10 0.146646 0.249077 0.106084 0.099631
10 0.031201 0.229397 0.037441 0.033210
10 0.059282 0.285978 0.024961 0.023370
10 0.316693 0.462485 0.068643 0.061501
10 0.466459 0.460025 0.024961 0.017220
10 0.353354 0.506765 0.060842 0.044280
10 0.443058 0.517220 0.028081 0.020910
10 0.390016 0.535055 0.021841 0.017220
10 0.344774 0.577491 0.028081 0.040590
10 0.369735 0.580566 0.018721 0.017220
10 0.388456 0.587331 0.021841 0.015990
10 0.655226 0.622386 0.068643 0.051661
10 0.882995 0.645756 0.062402 0.098401
10 0.443838 0.612546 0.023401 0.017220
10 0.950858 0.641451 0.070203 0.043050
10 0.638846 0.652522 0.054602 0.030750
10 0.921217 0.736777 0.039002 0.022140
10 0.948518 0.760148 0.034321 0.017220
10 0.953198 0.792128 0.024961 0.012300
10 0.989860 0.803198 0.020281 0.024600
10 0.984399 0.823493 0.018721 0.013530
10 0.972699 0.874539 0.054602 0.061501
10 0.825273 0.963715 0.043682 0.060271