11 0.304688 0.130859 0.171875 0.228906
11 0.160938 0.084375 0.082292 0.129688
11 0.645833 0.178516 0.264583 0.217969
11 0.413542 0.314844 0.154167 0.104688
11 0.749479 0.399609 0.238542 0.119531
11 0.060417 0.404687 0.106250 0.048438
11 0.727604 0.494531 0.151042 0.068750
11 0.143750 0.530859 0.041667 0.064844
11 0.221354 0.541016 0.094792 0.069531
11 0.298438 0.587109 0.142708 0.082031
11 0.688021 0.632422 0.132292 0.099219
11 0.938021 0.763281 0.123958 0.125000
11 0.195312 0.769531 0.119792 0.117188
11 0.388542 0.950391 0.100000 0.091406