10 0.722222 0.321203 0.123016 0.123418
10 0.439484 0.322785 0.077381 0.101266
10 0.642857 0.398734 0.051587 0.113924
10 0.556548 0.438291 0.041667 0.060127
10 0.729167 0.476266 0.053571 0.072785
10 0.586310 0.549051 0.049603 0.123418
10 0.322421 0.566456 0.049603 0.069620
10 0.171627 0.580696 0.041667 0.066456
10 0.382937 0.683544 0.039683 0.056962
10 0.277778 0.772152 0.051587 0.082278
10 0.422619 0.810127 0.039683 0.075949
10 0.314484 0.862342 0.041667 0.060127
10 0.377976 0.916139 0.057540 0.091772