10 0.636667 0.056579 0.046667 0.050000
10 0.567500 0.480263 0.035000 0.050000
10 0.440000 0.500000 0.033333 0.063158
10 0.526667 0.551316 0.026667 0.050000
10 0.536667 0.702632 0.023333 0.036842
10 0.629167 0.710526 0.041667 0.042105
10 0.700000 0.723684 0.040000 0.042105
10 0.631667 0.755263 0.016667 0.026316
10 0.481667 0.767105 0.016667 0.028947
10 0.608333 0.771053 0.020000 0.026316
10 0.697500 0.776316 0.018333 0.026316
10 0.510000 0.819737 0.023333 0.034211
10 0.618333 0.830263 0.020000 0.023684
10 0.529167 0.853947 0.021667 0.034211