10 0.149091 0.108065 0.127273 0.216129
10 0.761818 0.201613 0.123636 0.241935
10 0.889091 0.195161 0.054545 0.145161
10 0.636364 0.200000 0.083636 0.109677
10 0.108182 0.477419 0.180000 0.509677
10 0.252727 0.300000 0.040000 0.083871
10 0.833636 0.303226 0.049091 0.090323
10 0.691818 0.316129 0.041818 0.077419
10 0.315455 0.412903 0.096364 0.141935
10 0.597273 0.466129 0.049091 0.093548
10 0.800909 0.556452 0.234545 0.254839
10 0.511818 0.509677 0.049091 0.103226
10 0.368182 0.525806 0.056364 0.083871
10 0.664545 0.522581 0.041818 0.077419
10 0.226364 0.674194 0.063636 0.154839
10 0.321818 0.693548 0.040000 0.077419
10 0.372727 0.800000 0.138182 0.212903
10 0.847273 0.787097 0.069091 0.167742
10 0.950000 0.825806 0.049091 0.135484
10 0.676364 0.890323 0.083636 0.206452
10 0.195455 0.853226 0.045455 0.080645
10 0.256364 0.911290 0.040000 0.074194
10 0.615455 0.946774 0.056364 0.106452
10 0.831818 0.959677 0.081818 0.080645
10 0.337273 0.974194 0.045455 0.051613
10 0.649091 0.967742 0.003636 0.006452