10 0.175000 0.070571 0.134000 0.075075
10 0.417000 0.085586 0.090000 0.081081
10 0.069000 0.189189 0.102000 0.144144
10 0.200000 0.175676 0.032000 0.069069
10 0.288000 0.226727 0.076000 0.075075
10 0.203000 0.298799 0.074000 0.099099
10 0.155000 0.445946 0.218000 0.387387
10 0.317000 0.330330 0.090000 0.108108
10 0.685000 0.373874 0.126000 0.141141
10 0.804000 0.400901 0.100000 0.177177
10 0.558000 0.423423 0.152000 0.174174
10 0.441000 0.424925 0.058000 0.129129
10 0.259000 0.394895 0.042000 0.045045
10 0.902000 0.444444 0.028000 0.048048
10 0.327000 0.496997 0.038000 0.051051
10 0.568000 0.561562 0.028000 0.048048
10 0.687000 0.555556 0.030000 0.042042
10 0.619000 0.645646 0.078000 0.150150
10 0.539000 0.644144 0.046000 0.063063
10 0.354000 0.720721 0.096000 0.126126
10 0.454000 0.734234 0.064000 0.099099
10 0.268000 0.759760 0.032000 0.042042
10 0.914000 0.903904 0.128000 0.192192
10 0.215000 0.827327 0.022000 0.027027
10 0.531000 0.945946 0.170000 0.108108