10 0.457885 0.200269 0.213262 0.309140
10 0.554659 0.295699 0.023297 0.053763
10 0.190860 0.356183 0.041219 0.056452
10 0.575269 0.358871 0.017921 0.040323
10 0.934588 0.466398 0.044803 0.061828
10 0.417563 0.588710 0.039427 0.080645
10 0.605735 0.615591 0.017921 0.037634
10 0.778674 0.649194 0.044803 0.072581
10 0.846774 0.650538 0.030466 0.059140
10 0.381720 0.680108 0.068100 0.091398
10 0.959677 0.680108 0.080645 0.091398
10 0.952509 0.814516 0.094982 0.155914
10 0.249104 0.779570 0.032258 0.075269
10 0.583333 0.918011 0.019713 0.040323
10 0.632616 0.954301 0.028674 0.043011