10 0.524007 0.209158 0.100993 0.146040
10 0.297185 0.269802 0.124172 0.193069
10 0.578642 0.267327 0.034768 0.044554
10 0.663079 0.273515 0.028146 0.042079
10 0.123344 0.400990 0.048013 0.138614
10 0.864238 0.381188 0.046358 0.064356
10 0.393212 0.413366 0.044702 0.084158
10 0.028974 0.452970 0.057947 0.133663
10 0.615066 0.435644 0.061258 0.074257
10 0.816225 0.430693 0.033113 0.049505
10 0.178808 0.451733 0.049669 0.081683
10 0.302152 0.482673 0.054636 0.094059
10 0.916391 0.469059 0.038079 0.056931
10 0.462748 0.495050 0.044702 0.064356
10 0.716060 0.495050 0.048013 0.069307
10 0.352649 0.513614 0.036424 0.056931
10 0.875828 0.652228 0.188742 0.274752
10 0.602649 0.596535 0.096026 0.138614
10 0.401490 0.659653 0.048013 0.071782
10 0.434603 0.757426 0.041391 0.054455
10 0.653974 0.846535 0.278146 0.118812