10 0.467500 0.087500 0.171667 0.085000
10 0.272500 0.117500 0.085000 0.090000
10 0.647500 0.168750 0.035000 0.047500
10 0.377500 0.248750 0.038333 0.067500
10 0.330000 0.267500 0.036667 0.075000
10 0.483333 0.316250 0.093333 0.067500
10 0.642500 0.362500 0.051667 0.130000
10 0.568333 0.362500 0.043333 0.050000
10 0.320000 0.477500 0.083333 0.145000
10 0.496667 0.512500 0.193333 0.130000
10 0.631667 0.521250 0.063333 0.127500
10 0.132500 0.513750 0.035000 0.067500
10 0.746667 0.616250 0.053333 0.067500
10 0.589167 0.647500 0.078333 0.095000
10 0.315000 0.685000 0.080000 0.070000