10 0.886047 0.109302 0.032558 0.027907
10 0.927907 0.255814 0.093023 0.288372
10 0.270930 0.176744 0.030233 0.037209
10 0.563953 0.222093 0.053488 0.039535
10 0.323256 0.297674 0.079070 0.074419
10 0.527907 0.297674 0.027907 0.023256
10 0.844186 0.308140 0.037209 0.044186
10 0.202326 0.303488 0.027907 0.030233
10 0.460465 0.334884 0.032558 0.032558
10 0.500000 0.367442 0.041860 0.041860
10 0.184884 0.412791 0.034884 0.039535
10 0.308140 0.424419 0.034884 0.039535
10 0.658140 0.445349 0.060465 0.081395
10 0.408140 0.429070 0.039535 0.039535
10 0.441860 0.481395 0.027907 0.037209
10 0.503488 0.491860 0.062791 0.048837
10 0.590698 0.503488 0.032558 0.044186
10 0.024419 0.534884 0.039535 0.027907
10 0.787209 0.597674 0.086047 0.037209
10 0.632558 0.656977 0.037209 0.095349
10 0.225581 0.658140 0.041860 0.041860
10 0.588372 0.711628 0.046512 0.148837
10 0.039535 0.659302 0.023256 0.034884
10 0.468605 0.666279 0.025581 0.034884
10 0.098837 0.682558 0.044186 0.030233
10 0.917442 0.686047 0.058140 0.041860
10 0.610465 0.695349 0.016279 0.027907
10 0.181395 0.756977 0.046512 0.039535
10 0.056977 0.760465 0.034884 0.023256
10 0.654651 0.772093 0.025581 0.046512
10 0.868605 0.805814 0.081395 0.053488
10 0.389535 0.808140 0.044186 0.034884
10 0.439535 0.824419 0.023256 0.030233
10 0.609302 0.887209 0.051163 0.058140
10 0.367442 0.956977 0.027907 0.030233
10 0.601163 0.983721 0.034884 0.032558