10 0.072716 0.057392 0.038061 0.051082
10 0.152043 0.103365 0.039663 0.072115
10 0.041867 0.109375 0.041266 0.067308
10 0.395232 0.147536 0.040465 0.055889
10 0.301683 0.190805 0.056891 0.091947
10 0.877604 0.178486 0.034054 0.044471
10 0.169471 0.190505 0.031250 0.049279
10 0.922276 0.198918 0.046474 0.055288
10 0.941506 0.304087 0.056090 0.096154
10 0.590345 0.277945 0.020433 0.028245
10 0.415665 0.320312 0.062901 0.087740
10 0.334135 0.315204 0.052083 0.067909
10 0.684095 0.358474 0.080529 0.126803
10 0.466947 0.350361 0.046875 0.075721
10 0.592949 0.362680 0.033654 0.060697
10 0.528045 0.368089 0.028846 0.055889
10 0.620192 0.408654 0.046474 0.062500
10 0.803486 0.417668 0.085337 0.076923
10 0.505008 0.444111 0.053285 0.110577
10 0.724559 0.451322 0.038061 0.084135
10 0.558494 0.502404 0.054487 0.067308
10 0.470753 0.550781 0.031250 0.037861
10 0.064303 0.653546 0.027644 0.060697
10 0.526643 0.818209 0.038061 0.059495
10 0.103165 0.837440 0.035657 0.095553
10 0.439704 0.854267 0.061298 0.052284
10 0.274239 0.893930 0.042067 0.058293