10 0.127943 0.053388 0.048666 0.069815
10 0.183673 0.074949 0.015699 0.026694
10 0.406593 0.393224 0.047096 0.051335
10 0.456829 0.440452 0.094192 0.047228
10 0.551020 0.447639 0.069074 0.045175
10 0.636578 0.485626 0.089482 0.080082
10 0.470173 0.464066 0.026688 0.028747
10 0.397959 0.504107 0.020408 0.030801
10 0.514914 0.529774 0.037677 0.032854
10 0.593407 0.541068 0.025118 0.030801
10 0.549451 0.551335 0.025118 0.030801
10 0.582418 0.583162 0.015699 0.020534
10 0.630298 0.587269 0.026688 0.028747