10 0.756481 0.088235 0.024074 0.042017
10 0.573611 0.098319 0.015741 0.028571
10 0.403241 0.121008 0.021296 0.036975
10 0.629630 0.176471 0.033333 0.094118
10 0.711574 0.168908 0.039815 0.065546
10 0.713426 0.233613 0.026852 0.047059
10 0.402778 0.244538 0.022222 0.045378
10 0.769907 0.247059 0.017593 0.043697
10 0.594444 0.314286 0.022222 0.043697
10 0.663889 0.361345 0.083333 0.087395
10 0.563889 0.382353 0.053704 0.042017
10 0.650000 0.416807 0.037037 0.060504
10 0.602778 0.493277 0.022222 0.045378
10 0.599537 0.557143 0.019444 0.042017
10 0.666667 0.654622 0.046296 0.085714
10 0.513426 0.730252 0.043519 0.156303
10 0.767130 0.683193 0.026852 0.055462
10 0.441667 0.720168 0.027778 0.062185
10 0.636574 0.720168 0.030556 0.052101
10 0.450000 0.861345 0.038889 0.122689
10 0.581481 0.916807 0.061111 0.089076