10 0.558333 0.320378 0.026667 0.035714
10 0.704167 0.396008 0.031667 0.039916
10 0.475000 0.430672 0.020000 0.029412
10 0.675833 0.452731 0.028333 0.031513
10 0.445833 0.470588 0.025000 0.025210
10 0.481667 0.481092 0.023333 0.021008
10 0.687500 0.508403 0.021667 0.046218
10 0.449167 0.561975 0.098333 0.090336
10 0.599167 0.577731 0.071667 0.117647
10 0.670000 0.575630 0.036667 0.042017
10 0.521667 0.625000 0.036667 0.048319
10 0.397500 0.622899 0.018333 0.014706
10 0.644167 0.647059 0.041667 0.046218
10 0.544167 0.685924 0.035000 0.073529
10 0.500833 0.675420 0.028333 0.027311
10 0.350000 0.694328 0.043333 0.039916
10 0.239167 0.716387 0.048333 0.046218
10 0.700000 0.742647 0.026667 0.018908
10 0.396667 0.767857 0.033333 0.031513
10 0.567500 0.797269 0.018333 0.018908
10 0.319167 0.819328 0.031667 0.054622
10 0.423333 0.831933 0.026667 0.037815
10 0.344167 0.862395 0.035000 0.048319
10 0.089167 0.886555 0.055000 0.058824
10 0.390833 0.898109 0.038333 0.039916
10 0.236667 0.980042 0.053333 0.035714