11 0.295822 0.039130 0.055256 0.071304
11 0.158356 0.165217 0.122642 0.292174
11 0.396226 0.068696 0.153639 0.078261
11 0.555930 0.184348 0.074124 0.292174
11 0.445418 0.276522 0.098383 0.358261
11 0.366577 0.300000 0.075472 0.387826
11 0.657008 0.286087 0.260108 0.158261
11 0.905660 0.398261 0.188679 0.351304
11 0.189353 0.440870 0.106469 0.161739
11 0.057278 0.460000 0.082210 0.071304
11 0.664420 0.487826 0.121294 0.053913
11 0.371968 0.721739 0.164420 0.184348
11 0.479111 0.935652 0.068733 0.066087