10 0.572464 0.414093 0.292754 0.164093
10 0.394928 0.361004 0.007246 0.011583
10 0.413043 0.369691 0.017391 0.017375
10 0.362319 0.390927 0.020290 0.021236
10 0.412319 0.393822 0.018841 0.023166
10 0.326812 0.415058 0.039130 0.057915
10 0.388406 0.419884 0.043478 0.036680
10 0.357246 0.448842 0.021739 0.028958
10 0.309420 0.460425 0.021739 0.028958
10 0.338406 0.497104 0.024638 0.044402
10 0.396377 0.485521 0.021739 0.021236
10 0.467391 0.489382 0.021739 0.025097
10 0.728986 0.525097 0.086957 0.100386
10 0.436232 0.500965 0.034783 0.044402
10 0.294203 0.505792 0.014493 0.023166
10 0.263768 0.523166 0.026087 0.050193
10 0.304348 0.520270 0.020290 0.028958
10 0.519565 0.565637 0.059420 0.100386
10 0.460870 0.542471 0.028986 0.038610
10 0.742754 0.651544 0.044928 0.125483
10 0.236957 0.637066 0.010145 0.027027
10 0.587681 0.639961 0.024638 0.032819
10 0.784058 0.669884 0.023188 0.073359
10 0.507246 0.693050 0.017391 0.027027
10 0.755797 0.775097 0.047826 0.083012
10 0.686957 0.791506 0.043478 0.057915