10 0.416667 0.063750 0.056667 0.127500
10 0.460833 0.086250 0.011667 0.022500
10 0.529167 0.092500 0.031667 0.035000
10 0.595833 0.165000 0.015000 0.040000
10 0.625833 0.162500 0.018333 0.035000
10 0.467500 0.241250 0.081667 0.122500
10 0.702500 0.278750 0.078333 0.127500
10 0.738333 0.316250 0.056667 0.067500
10 0.606667 0.317500 0.020000 0.030000
10 0.297500 0.341250 0.028333 0.037500
10 0.670833 0.371250 0.025000 0.062500
10 0.715000 0.385000 0.020000 0.035000
10 0.577500 0.398750 0.021667 0.032500
10 0.610833 0.405000 0.035000 0.040000
10 0.238333 0.440000 0.116667 0.080000
10 0.700833 0.438750 0.038333 0.042500
10 0.515833 0.535000 0.085000 0.165000
10 0.628333 0.462500 0.020000 0.025000
10 0.583333 0.476250 0.016667 0.027500
10 0.221667 0.502500 0.020000 0.035000
10 0.646667 0.520000 0.043333 0.055000
10 0.595000 0.530000 0.020000 0.035000
10 0.195833 0.545000 0.025000 0.040000
10 0.557500 0.648750 0.111667 0.162500
10 0.194167 0.631250 0.028333 0.107500
10 0.461667 0.665000 0.056667 0.100000
10 0.266667 0.681250 0.016667 0.032500
10 0.227500 0.733750 0.021667 0.027500
10 0.296667 0.827500 0.030000 0.040000
10 0.202500 0.847500 0.038333 0.040000