10 0.388000 0.095161 0.100000 0.190323
10 0.336000 0.146774 0.028000 0.048387
10 0.303000 0.179032 0.046000 0.074194
10 0.870000 0.217742 0.056000 0.132258
10 0.351000 0.216129 0.046000 0.045161
10 0.435000 0.317742 0.022000 0.041935
10 0.503000 0.333871 0.026000 0.041935
10 0.726000 0.340323 0.028000 0.048387
10 0.474000 0.400000 0.056000 0.148387
10 0.389000 0.366129 0.022000 0.041935
10 0.560000 0.424194 0.024000 0.048387
10 0.413000 0.472581 0.062000 0.119355
10 0.568000 0.483871 0.020000 0.038710
10 0.602000 0.529032 0.028000 0.051613
10 0.427000 0.577419 0.022000 0.045161
10 0.580000 0.598387 0.020000 0.035484
10 0.410000 0.648387 0.064000 0.109677
10 0.610000 0.662903 0.024000 0.048387
10 0.583000 0.685484 0.038000 0.054839
10 0.584000 0.745161 0.020000 0.045161
10 0.484000 0.769355 0.040000 0.061290
10 0.444000 0.770968 0.020000 0.045161
10 0.087000 0.800000 0.034000 0.058065
10 0.521000 0.820968 0.022000 0.035484