10 0.982576 0.081818 0.034848 0.047727
10 0.426515 0.161932 0.034848 0.032955
10 0.191667 0.165909 0.056061 0.034091
10 0.946212 0.204545 0.028788 0.045455
10 0.968182 0.243182 0.036364 0.045455
10 0.811364 0.276705 0.028788 0.030682
10 0.378030 0.370455 0.031818 0.025000
10 0.781818 0.368182 0.030303 0.022727
10 0.342424 0.383523 0.051515 0.037500
10 0.321970 0.402841 0.001515 0.001136
10 0.938636 0.417614 0.040909 0.021591
10 0.567424 0.447159 0.025758 0.017045
10 0.343182 0.452273 0.040909 0.015909
10 0.984091 0.451136 0.016667 0.013636
10 0.651515 0.513068 0.039394 0.035227
10 0.610606 0.563636 0.045455 0.047727
10 0.956818 0.587500 0.034848 0.036364
10 0.537121 0.701705 0.025758 0.032955
10 0.886364 0.716477 0.054545 0.039773
10 0.743182 0.732386 0.028788 0.019318
10 0.178788 0.748295 0.057576 0.042045
10 0.731818 0.830114 0.030303 0.023864
10 0.452273 0.857955 0.022727 0.027273
10 0.718182 0.877273 0.024242 0.022727
10 0.630303 0.890341 0.027273 0.028409