10 0.400000 0.113379 0.116535 0.222222
10 0.485039 0.026077 0.025197 0.047619
10 0.556693 0.053288 0.039370 0.061224
10 0.527559 0.099773 0.040945 0.049887
10 0.625984 0.208617 0.074016 0.235828
10 0.518110 0.178005 0.037795 0.092971
10 0.882677 0.179138 0.045669 0.063492
10 0.222047 0.206349 0.025197 0.036281
10 0.166142 0.235828 0.042520 0.058957
10 0.126772 0.280045 0.026772 0.052154
10 0.212598 0.276644 0.022047 0.045351
10 0.424409 0.284580 0.089764 0.056689
10 0.248031 0.294785 0.029921 0.036281
10 0.280315 0.307256 0.031496 0.056689
10 0.798425 0.358277 0.053543 0.063492
10 0.348819 0.439909 0.067717 0.095238
10 0.506299 0.429705 0.039370 0.061224
10 0.761417 0.436508 0.039370 0.047619
10 0.645669 0.446712 0.028346 0.045351
10 0.056693 0.551020 0.040945 0.185941
10 0.609449 0.523810 0.062992 0.058957
10 0.851181 0.572562 0.058268 0.034014
10 0.541732 0.653061 0.025197 0.049887
10 0.917323 0.690476 0.039370 0.070295
10 0.874016 0.773243 0.059843 0.072562
10 0.937008 0.784580 0.044094 0.068027
10 0.667717 0.803855 0.078740 0.061224
10 0.968504 0.858277 0.059843 0.061224
10 0.881102 0.878685 0.036220 0.047619
10 0.456693 0.936508 0.069291 0.104308
10 0.518110 0.971655 0.050394 0.047619