10 0.466406 0.209416 0.270313 0.269481
10 0.363281 0.153409 0.017188 0.017857
10 0.356250 0.199675 0.018750 0.022727
10 0.594531 0.205357 0.045312 0.034091
10 0.546875 0.244318 0.031250 0.024351
10 0.510156 0.293831 0.023438 0.016234
10 0.568750 0.320617 0.034375 0.030844
10 0.678906 0.320617 0.014063 0.021104
10 0.294531 0.323864 0.014063 0.017857
10 0.514844 0.360390 0.035937 0.045455
10 0.626563 0.372565 0.046875 0.050325
10 0.675781 0.363636 0.017188 0.022727
10 0.350781 0.405032 0.023438 0.024351
10 0.668750 0.405032 0.021875 0.024351
10 0.642969 0.452110 0.129688 0.086039
10 0.258594 0.422890 0.023438 0.017857
10 0.279687 0.461039 0.018750 0.022727
10 0.732031 0.469968 0.020313 0.027597
10 0.636719 0.564123 0.135937 0.150974
10 0.730469 0.508117 0.020313 0.016234
10 0.534375 0.543831 0.021875 0.022727
10 0.745313 0.568182 0.040625 0.071429
10 0.447656 0.572240 0.057813 0.060065
10 0.567187 0.770292 0.356250 0.336039
10 0.319531 0.612013 0.017188 0.012987
10 0.760938 0.622565 0.015625 0.024351
10 0.403906 0.625000 0.026562 0.022727
10 0.573438 0.630682 0.018750 0.017857
10 0.731250 0.646916 0.065625 0.047078
10 0.800000 0.630682 0.015625 0.014610
10 0.317969 0.661526 0.064062 0.030844
10 0.400781 0.687500 0.073438 0.082792
10 0.655469 0.674513 0.020313 0.017857
10 0.814063 0.685877 0.015625 0.017857
10 0.782813 0.690747 0.021875 0.024351
10 0.721875 0.711039 0.071875 0.055195
10 0.656250 0.713474 0.018750 0.021104
10 0.421875 0.742695 0.031250 0.024351
10 0.741406 0.785714 0.042188 0.071429
10 0.342187 0.873377 0.078125 0.055195