10 0.651563 0.295428 0.325000 0.396249
10 0.132812 0.158265 0.056250 0.079719
10 0.352344 0.173505 0.039062 0.049238
10 0.169531 0.251465 0.048438 0.073857
10 0.210938 0.456038 0.062500 0.037515
10 0.839844 0.464244 0.035937 0.035170
10 0.114062 0.614889 0.225000 0.270809
10 0.296094 0.494725 0.048438 0.028136
10 0.368750 0.519343 0.021875 0.016413
10 0.821875 0.540445 0.040625 0.058617
10 0.670312 0.617233 0.253125 0.205158
10 0.485938 0.542790 0.040625 0.028136
10 0.350000 0.552169 0.031250 0.030481
10 0.424219 0.561547 0.026562 0.018757
10 0.278906 0.610785 0.057813 0.067995
10 0.340625 0.657093 0.196875 0.144197
10 0.568750 0.683470 0.034375 0.016413
10 0.269531 0.776084 0.267188 0.133646
10 0.586719 0.882181 0.039062 0.024619
10 0.443750 0.910317 0.109375 0.069168
10 0.567969 0.984174 0.042188 0.031653