10 0.359649 0.062327 0.035088 0.058172
10 0.881579 0.091413 0.017544 0.049861
10 0.930921 0.130194 0.024123 0.044321
10 0.755482 0.173130 0.028509 0.036011
10 0.399123 0.199446 0.030702 0.027701
10 0.422149 0.234072 0.019737 0.030471
10 0.505482 0.306094 0.032895 0.058172
10 0.794956 0.306094 0.054825 0.052632
10 0.327851 0.318560 0.041667 0.033241
10 0.401316 0.382271 0.070175 0.094183
10 0.735746 0.444598 0.019737 0.019391
10 0.557018 0.524931 0.057018 0.124654
10 0.606360 0.789474 0.028509 0.044321
10 0.629386 0.839335 0.026316 0.055402
10 0.707237 0.860111 0.032895 0.052632
10 0.664474 0.916898 0.052632 0.077562
10 0.711623 0.915512 0.019737 0.036011