10 0.962963 0.072222 0.074074 0.119444
10 0.886574 0.072569 0.028704 0.025694
10 0.759259 0.248611 0.033333 0.023611
10 0.693981 0.291319 0.095370 0.057639
10 0.606481 0.293403 0.022222 0.015972
10 0.558796 0.341667 0.021296 0.012500
10 0.531481 0.381250 0.031481 0.019444
10 0.718519 0.396528 0.053704 0.030556
10 0.493056 0.422917 0.058333 0.077778
10 0.357407 0.502431 0.162963 0.140972
10 0.600926 0.495833 0.125926 0.062500
10 0.741204 0.519097 0.030556 0.021528
10 0.603241 0.561458 0.134259 0.049306
10 0.469444 0.592014 0.146296 0.081250
10 0.341204 0.652083 0.045370 0.022222
10 0.431019 0.664236 0.025000 0.015972
10 0.418981 0.691667 0.054630 0.022222
10 0.291204 0.701389 0.067593 0.018056
10 0.369444 0.717708 0.022222 0.010417
10 0.502778 0.805903 0.075926 0.071528
10 0.280093 0.807986 0.095370 0.061806
10 0.431944 0.813889 0.034259 0.026389
10 0.509259 0.857986 0.046296 0.032639
10 0.673611 0.886458 0.017593 0.017361
10 0.439352 0.892014 0.028704 0.022917
10 0.597222 0.926389 0.033333 0.023611
10 0.719907 0.932292 0.019444 0.017361
10 0.552315 0.962500 0.043519 0.051389
10 0.370833 0.971181 0.080556 0.052083
10 0.652778 0.966667 0.033333 0.025000