10 0.464815 0.142446 0.025926 0.028777
10 0.508796 0.162590 0.030556 0.034532
10 0.547685 0.194964 0.039815 0.033094
10 0.697222 0.189928 0.014815 0.023022
10 0.718981 0.201439 0.015741 0.023022
10 0.700000 0.228777 0.022222 0.034532
10 0.625000 0.233094 0.024074 0.025899
10 0.447222 0.247482 0.024074 0.014388
10 0.470833 0.278417 0.021296 0.018705
10 0.562500 0.337410 0.036111 0.050360
10 0.412037 0.360432 0.024074 0.033094
10 0.535648 0.410072 0.030556 0.054676
10 0.205093 0.723741 0.025000 0.040288
10 0.652315 0.723022 0.025000 0.033094
10 0.249537 0.858273 0.017593 0.027338
10 0.033796 0.931655 0.023148 0.027338