10 0.649050 0.378268 0.049939 0.094771
10 0.706495 0.415441 0.025735 0.028595
10 0.468290 0.428105 0.022365 0.036765
10 0.823223 0.440972 0.028799 0.020016
10 0.526348 0.445057 0.018382 0.023284
10 0.913603 0.445670 0.021446 0.018791
10 0.592984 0.508374 0.041360 0.045343
10 0.782169 0.563521 0.047794 0.037173
10 0.481005 0.559845 0.022672 0.021650
10 0.560202 0.607026 0.020527 0.022876
10 0.641544 0.615605 0.020221 0.017157
10 0.653646 0.652165 0.017463 0.025735
10 0.054841 0.756332 0.109681 0.113154
10 0.137102 0.736111 0.044424 0.038399
10 0.395374 0.898693 0.041360 0.079248
10 0.453585 0.920547 0.030944 0.055147
10 0.553922 0.954248 0.145221 0.089052