10 0.601404 0.093458 0.039002 0.087227
10 0.574103 0.390966 0.024961 0.046729
10 0.602184 0.401869 0.012480 0.068536
10 0.556942 0.447040 0.015601 0.034268
10 0.554602 0.518692 0.032761 0.065421
10 0.580343 0.509346 0.015601 0.046729
10 0.390796 0.528037 0.020281 0.046729
10 0.521841 0.528037 0.014041 0.034268
10 0.477379 0.626168 0.093604 0.193146
10 0.572543 0.576324 0.024961 0.049844
10 0.702028 0.632399 0.037441 0.093458
10 0.659126 0.640187 0.023401 0.065421
10 0.562402 0.632399 0.014041 0.031153
10 0.220749 0.666667 0.039002 0.056075
10 0.621685 0.657321 0.014041 0.031153
10 0.180187 0.679128 0.029641 0.056075
10 0.608424 0.682243 0.015601 0.031153
10 0.579563 0.761682 0.045242 0.077882
10 0.650546 0.766355 0.028081 0.043614
10 0.598284 0.813084 0.017161 0.031153
10 0.251170 0.889408 0.024961 0.040498
10 0.466459 0.914330 0.018721 0.040498
10 0.255070 0.926791 0.029641 0.034268
10 0.558502 0.948598 0.068643 0.071651
10 0.488300 0.984424 0.018721 0.024922