10 0.535648 0.251042 0.095370 0.068750
10 0.626389 0.425347 0.193519 0.207639
10 0.785648 0.347569 0.045370 0.049306
10 0.165741 0.393403 0.068519 0.067361
10 0.883333 0.404861 0.046296 0.036111
10 0.764352 0.504167 0.050926 0.037500
10 0.087500 0.529514 0.076852 0.031250
10 0.969444 0.557639 0.048148 0.043056
10 0.777778 0.563889 0.050000 0.052778
10 0.425000 0.660764 0.142593 0.120139
10 0.863889 0.686111 0.044444 0.037500
10 0.854630 0.753472 0.037037 0.044444
10 0.930556 0.825694 0.038889 0.030556