10 0.845833 0.060417 0.108333 0.120833
10 0.748611 0.160417 0.125000 0.245833
10 0.901389 0.077083 0.025000 0.029167
10 0.868056 0.187500 0.169444 0.250000
10 0.936111 0.152083 0.038889 0.054167
10 0.697222 0.387500 0.050000 0.158333
10 0.973611 0.425000 0.030556 0.041667
10 0.711111 0.520833 0.072222 0.183333
10 0.729167 0.733333 0.091667 0.375000
10 0.451389 0.577083 0.025000 0.045833
10 0.254167 0.585417 0.108333 0.054167
10 0.650000 0.685417 0.044444 0.095833
10 0.373611 0.672917 0.041667 0.045833
10 0.206944 0.825000 0.147222 0.141667
10 0.173611 0.793750 0.080556 0.070833
10 0.987500 0.789583 0.019444 0.054167
10 0.733333 0.964583 0.044444 0.070833