10 0.559167 0.180263 0.031667 0.039474
10 0.367500 0.272368 0.075000 0.102632
10 0.669167 0.323684 0.051667 0.105263
10 0.327500 0.378947 0.045000 0.089474
10 0.570833 0.381579 0.041667 0.063158
10 0.295833 0.409211 0.038333 0.065789
10 0.625000 0.459211 0.083333 0.139474
10 0.323333 0.453947 0.026667 0.044737
10 0.391667 0.517105 0.066667 0.071053
10 0.470000 0.511842 0.046667 0.065789
10 0.615833 0.567105 0.091667 0.097368
10 0.504167 0.682895 0.288333 0.260526
10 0.354167 0.675000 0.041667 0.055263