10 0.366388 0.221591 0.240084 0.426136
10 0.422756 0.403409 0.048017 0.039773
10 0.890397 0.428977 0.052192 0.051136
10 0.488518 0.471591 0.137787 0.085227
10 0.303758 0.522727 0.068894 0.096591
10 0.198330 0.514205 0.062630 0.062500
10 0.079332 0.521307 0.054280 0.053977
10 0.548017 0.754261 0.281837 0.383523
10 0.924843 0.839489 0.041754 0.036932
10 0.885177 0.906250 0.104384 0.079545
10 0.790188 0.930398 0.035491 0.048295
10 0.536534 0.978693 0.045929 0.042614
10 0.591858 0.981534 0.048017 0.036932
10 0.820459 0.980114 0.037578 0.039773