10 0.123438 0.023958 0.034375 0.047917
10 0.696094 0.017708 0.054688 0.035417
10 0.603906 0.045833 0.039062 0.037500
10 0.535156 0.069792 0.023438 0.035417
10 0.046875 0.102083 0.028125 0.058333
10 0.442969 0.126042 0.051562 0.068750
10 0.166406 0.162500 0.032813 0.070833
10 0.374219 0.155208 0.023438 0.031250
10 0.666406 0.184375 0.032813 0.039583
10 0.213281 0.231250 0.095312 0.079167
10 0.602344 0.244792 0.029687 0.035417
10 0.452344 0.286458 0.029687 0.056250
10 0.406250 0.318750 0.031250 0.050000
10 0.041406 0.339583 0.035937 0.058333
10 0.607031 0.341667 0.032813 0.041667
10 0.719531 0.380208 0.029687 0.039583
10 0.279687 0.405208 0.087500 0.056250
10 0.407031 0.470833 0.117188 0.158333
10 0.828906 0.434375 0.032813 0.047917
10 0.287500 0.492708 0.118750 0.131250
10 0.721094 0.456250 0.035937 0.050000
10 0.196875 0.464583 0.037500 0.058333
10 0.645312 0.493750 0.037500 0.054167
10 0.558594 0.556250 0.035937 0.095833
10 0.191406 0.529167 0.020313 0.033333
10 0.289844 0.617708 0.020313 0.039583
10 0.346875 0.633333 0.053125 0.050000
10 0.638281 0.640625 0.032813 0.052083
10 0.252344 0.672917 0.048438 0.083333
10 0.545312 0.693750 0.040625 0.062500
10 0.285156 0.719792 0.045312 0.068750
10 0.778906 0.714583 0.035937 0.054167
10 0.336719 0.728125 0.042188 0.060417
10 0.560937 0.759375 0.056250 0.064583
10 0.617969 0.747917 0.032813 0.045833
10 0.166406 0.762500 0.020313 0.037500
10 0.202344 0.790625 0.035937 0.047917
10 0.283594 0.856250 0.064062 0.062500
10 0.432812 0.884375 0.046875 0.118750
10 0.225000 0.898958 0.096875 0.093750
10 0.372656 0.885417 0.045312 0.050000