10 0.470313 0.097938 0.159375 0.082474
10 0.281250 0.134021 0.071875 0.067010
10 0.647656 0.190722 0.029687 0.041237
10 0.329688 0.277062 0.031250 0.095361
10 0.377344 0.270619 0.029687 0.056701
10 0.446094 0.338918 0.026562 0.043814
10 0.501563 0.350515 0.056250 0.051546
10 0.634375 0.355670 0.025000 0.041237
10 0.570312 0.390464 0.031250 0.048969
10 0.643750 0.439433 0.037500 0.048969
10 0.510156 0.509021 0.026562 0.033505
10 0.315625 0.545103 0.059375 0.095361
10 0.619531 0.523196 0.026562 0.036082
10 0.469531 0.537371 0.029687 0.048969
10 0.429688 0.577320 0.040625 0.072165
10 0.528125 0.586340 0.121875 0.074742
10 0.619531 0.578608 0.026562 0.043814
10 0.646875 0.623711 0.018750 0.025773
10 0.745313 0.680412 0.021875 0.041237
10 0.584375 0.710052 0.059375 0.079897
10 0.321875 0.774485 0.021875 0.043814
10 0.215625 0.850515 0.028125 0.041237
10 0.281250 0.868557 0.012500 0.036082
10 0.425781 0.877577 0.023438 0.038660
10 0.284375 0.926546 0.018750 0.028351
10 0.387500 0.979381 0.025000 0.041237