10 0.393981 0.400398 0.028704 0.021912
10 0.489352 0.444721 0.028704 0.034861
10 0.516667 0.536355 0.033333 0.034861
10 0.587037 0.596614 0.022222 0.025896
10 0.277778 0.654880 0.029630 0.018924
10 0.183333 0.723606 0.111111 0.086653
10 0.885185 0.709163 0.020370 0.029880
10 0.344907 0.746016 0.067593 0.057769
10 0.261111 0.769920 0.022222 0.013944
10 0.033796 0.799303 0.049074 0.066733
10 0.659722 0.797311 0.075000 0.050797
10 0.892593 0.806275 0.018519 0.016932
10 0.918519 0.825697 0.022222 0.019920
10 0.893981 0.841135 0.034259 0.018924
10 0.073611 0.846116 0.015741 0.014940
10 0.022222 0.891434 0.016667 0.015936
10 0.034722 0.955677 0.069444 0.068725
10 0.095833 0.946215 0.017593 0.017928