10 0.837500 0.277778 0.082143 0.097724
10 0.358036 0.281794 0.035714 0.065596
10 0.684375 0.447122 0.190179 0.380187
10 0.805357 0.357430 0.062500 0.136546
10 0.349107 0.347390 0.026786 0.049531
10 0.855357 0.352075 0.030357 0.042838
10 0.386161 0.545515 0.125893 0.298527
10 0.880357 0.437751 0.028571 0.066934
10 0.814732 0.485944 0.091964 0.074967
10 0.776786 0.560241 0.076786 0.137885
10 0.502232 0.567604 0.022321 0.050870
10 0.808036 0.628514 0.025000 0.052209
10 0.691964 0.667336 0.028571 0.036145
10 0.779018 0.708166 0.065179 0.093708
10 0.721875 0.708835 0.024107 0.030790
10 0.679464 0.738956 0.062500 0.085676
10 0.752679 0.842035 0.025000 0.048193
10 0.718304 0.858768 0.033036 0.046854
10 0.839732 0.887550 0.025893 0.040161