10 0.528906 0.140625 0.082812 0.085417
10 0.214844 0.158333 0.032813 0.050000
10 0.192188 0.234375 0.056250 0.085417
10 0.356250 0.282292 0.059375 0.081250
10 0.421094 0.328125 0.054688 0.081250
10 0.707812 0.341667 0.071875 0.083333
10 0.891406 0.334375 0.042188 0.060417
10 0.819531 0.393750 0.045312 0.054167
10 0.485156 0.497917 0.173437 0.187500
10 0.672656 0.440625 0.042188 0.064583
10 0.721875 0.463542 0.025000 0.043750
10 0.982031 0.556250 0.029687 0.045833
10 0.552344 0.686458 0.076563 0.122917
10 0.449219 0.702083 0.076563 0.095833
10 0.635938 0.719792 0.062500 0.102083
10 0.717187 0.757292 0.075000 0.097917
10 0.610156 0.751042 0.039062 0.047917
10 0.539062 0.830208 0.040625 0.043750