10 0.577419 0.215159 0.048387 0.097800
10 0.632258 0.380196 0.048387 0.110024
10 0.790323 0.447433 0.209677 0.239609
10 0.549194 0.394866 0.046774 0.070905
10 0.333065 0.512225 0.117742 0.242054
10 0.474194 0.528117 0.138710 0.141809
10 0.576613 0.581907 0.098387 0.058680
10 0.195968 0.644254 0.043548 0.056235
10 0.549194 0.715159 0.095161 0.149144
10 0.769355 0.746944 0.025806 0.036675
10 0.625806 0.778729 0.045161 0.056235
10 0.421774 0.820293 0.043548 0.051345
10 0.500000 0.946210 0.035484 0.048900
10 0.591935 0.946210 0.035484 0.053790