11 0.580106 0.043427 0.135563 0.086854
11 0.419014 0.176056 0.038732 0.145540
11 0.475352 0.186620 0.052817 0.147887
11 0.875000 0.184272 0.133803 0.110329
11 0.855634 0.264085 0.102113 0.072770
11 0.124120 0.372066 0.100352 0.100939
11 0.231514 0.367371 0.040493 0.068075
11 0.183979 0.375587 0.036972 0.070423
11 0.045775 0.402582 0.077465 0.068075
11 0.097711 0.510563 0.177817 0.115023
11 0.536092 0.676056 0.054577 0.154930
11 0.938380 0.730047 0.119718 0.262911
11 0.470951 0.698357 0.054577 0.171362
11 0.222711 0.888498 0.135563 0.190141
11 0.338908 0.833333 0.029930 0.046948
11 0.839789 0.942488 0.059859 0.110329
11 0.242077 0.951878 0.103873 0.091549