10 0.638750 0.286667 0.237500 0.163333
10 0.286250 0.286667 0.162500 0.123333
10 0.471250 0.339167 0.062500 0.048333
10 0.372500 0.363333 0.075000 0.050000
10 0.638750 0.400000 0.077500 0.053333
10 0.490000 0.455833 0.210000 0.101667
10 0.375000 0.539167 0.155000 0.058333
10 0.133750 0.542500 0.037500 0.028333
10 0.583750 0.572500 0.127500 0.058333
10 0.802500 0.631667 0.100000 0.086667
10 0.255000 0.648333 0.080000 0.053333
10 0.100000 0.655833 0.105000 0.058333
10 0.391250 0.703333 0.077500 0.060000
10 0.750000 0.739167 0.090000 0.058333
10 0.431250 0.800833 0.087500 0.051667
10 0.416250 0.906667 0.072500 0.046667