10 0.347101 0.300439 0.053623 0.092105
10 0.423913 0.301535 0.108696 0.089912
10 0.199275 0.376096 0.102899 0.098684
10 0.460870 0.395833 0.046377 0.067982
10 0.344203 0.421053 0.079710 0.061404
10 0.501449 0.459430 0.089855 0.133772
10 0.570290 0.471491 0.027536 0.039474
10 0.521739 0.572368 0.075362 0.105263
10 0.415942 0.566886 0.043478 0.081140
10 0.345652 0.596491 0.033333 0.039474
10 0.397826 0.628289 0.018841 0.028509
10 0.906522 0.666667 0.050725 0.100877
10 0.577536 0.709430 0.036232 0.098684