10 0.626888 0.219078 0.027190 0.064990
10 0.777946 0.313417 0.041289 0.102725
10 0.702417 0.375262 0.041289 0.092243
10 0.490433 0.448637 0.076536 0.125786
10 0.383686 0.426625 0.016113 0.044025
10 0.402316 0.515723 0.069486 0.079665
10 0.677241 0.537736 0.127895 0.115304
10 0.900806 0.572327 0.021148 0.041929
10 0.558409 0.578616 0.037261 0.046122
10 0.912890 0.562893 0.001007 0.002096
10 0.916918 0.564990 0.001007 0.002096
10 0.402820 0.705451 0.042296 0.106918
10 0.725579 0.831237 0.081571 0.119497
10 0.671198 0.972746 0.033233 0.054507