10 0.625781 0.375581 0.132812 0.290698
10 0.729688 0.275581 0.037500 0.044186
10 0.499219 0.355814 0.023438 0.074419
10 0.764844 0.367442 0.029687 0.032558
10 0.861719 0.431395 0.048438 0.048837
10 0.865625 0.527907 0.059375 0.116279
10 0.354687 0.568605 0.043750 0.053488
10 0.289062 0.622093 0.034375 0.044186
10 0.671094 0.645349 0.042188 0.076744
10 0.490625 0.691860 0.084375 0.141860
10 0.535156 0.718605 0.054688 0.186047
10 0.742969 0.660465 0.032813 0.069767
10 0.609375 0.684884 0.046875 0.072093
10 0.776563 0.730233 0.096875 0.153488
10 0.163281 0.705814 0.054688 0.062791
10 0.660937 0.739535 0.031250 0.065116
10 0.269531 0.770930 0.148438 0.109302
10 0.716406 0.750000 0.020313 0.048837
10 0.600781 0.753488 0.026562 0.046512
10 0.684375 0.788372 0.028125 0.046512
10 0.645312 0.815116 0.031250 0.048837
10 0.592969 0.840698 0.057813 0.090698
10 0.385937 0.896512 0.081250 0.058140