10 0.506892 0.202000 0.058897 0.104000
10 0.953008 0.261000 0.058897 0.090000
10 0.724311 0.439000 0.175439 0.270000
10 0.564536 0.368000 0.053885 0.120000
10 0.476190 0.384000 0.052632 0.084000
10 0.288221 0.433000 0.097744 0.138000
10 0.405388 0.530000 0.146617 0.172000
10 0.243734 0.569000 0.068922 0.126000
10 0.626566 0.557000 0.032581 0.058000
10 0.506892 0.587000 0.121554 0.102000
10 0.126566 0.655000 0.040100 0.078000
10 0.479323 0.724000 0.083960 0.156000
10 0.694862 0.748000 0.028822 0.064000
10 0.553885 0.788000 0.047619 0.088000
10 0.350877 0.836000 0.047619 0.080000
10 0.516917 0.956000 0.041353 0.056000
10 0.427945 0.965000 0.051378 0.066000