10 0.672131 0.033333 0.060109 0.059259
10 0.566940 0.112963 0.101093 0.151852
10 0.412568 0.166667 0.043716 0.081481
10 0.319672 0.153704 0.032787 0.040741
10 0.658470 0.196296 0.060109 0.111111
10 0.232240 0.209259 0.114754 0.107407
10 0.035519 0.292593 0.027322 0.044444
10 0.468579 0.309259 0.024590 0.055556
10 0.610656 0.331481 0.030055 0.055556
10 0.516393 0.346296 0.021858 0.040741
10 0.051913 0.355556 0.027322 0.037037
10 0.121585 0.357407 0.035519 0.048148
10 0.550546 0.388889 0.030055 0.044444
10 0.094262 0.407407 0.040984 0.044444
10 0.579235 0.453704 0.032787 0.048148
10 0.495902 0.459259 0.019126 0.037037
10 0.821038 0.535185 0.057377 0.114815
10 0.520492 0.527778 0.019126 0.033333
10 0.580601 0.575926 0.024590 0.040741
10 0.733607 0.677778 0.024590 0.051852
10 0.418033 0.694444 0.021858 0.033333
10 0.064208 0.703704 0.030055 0.037037
10 0.389344 0.744444 0.019126 0.051852
10 0.842896 0.785185 0.030055 0.037037
10 0.913934 0.781481 0.035519 0.029630
10 0.668033 0.840741 0.035519 0.051852
10 0.262295 0.855556 0.038251 0.066667
10 0.252732 0.959259 0.057377 0.081481