10 0.653125 0.034368 0.018750 0.033259
10 0.638281 0.117517 0.017188 0.044346
10 0.469531 0.147450 0.032813 0.042129
10 0.356250 0.231707 0.031250 0.042129
10 0.233594 0.251663 0.017188 0.024390
10 0.475000 0.308204 0.121875 0.115299
10 0.270313 0.266075 0.018750 0.026608
10 0.229687 0.374723 0.018750 0.031042
10 0.582812 0.424612 0.087500 0.121951
10 0.742969 0.410200 0.045312 0.093126
10 0.340625 0.419069 0.034375 0.048780
10 0.792188 0.463415 0.034375 0.048780
10 0.187500 0.480044 0.034375 0.050998
10 0.328125 0.495565 0.034375 0.055432
10 0.389062 0.521064 0.043750 0.106430
10 0.667969 0.526608 0.035937 0.046563
10 0.821875 0.536585 0.056250 0.066519
10 0.765625 0.567627 0.031250 0.044346
10 0.484375 0.638581 0.096875 0.159645
10 0.310156 0.595344 0.032813 0.059867
10 0.344531 0.655211 0.032813 0.037694
10 0.533594 0.726164 0.045312 0.037694
10 0.075781 0.820399 0.057813 0.053215
10 0.166406 0.924612 0.076563 0.150776
10 0.109375 0.937916 0.037500 0.097561
10 0.057031 0.920177 0.039062 0.053215