10 0.420000 0.242667 0.092000 0.058667
10 0.233000 0.425333 0.134000 0.242667
10 0.729000 0.452000 0.082000 0.157333
10 0.630000 0.472000 0.096000 0.165333
10 0.954000 0.450667 0.032000 0.053333
10 0.792000 0.480000 0.036000 0.042667
10 0.097000 0.510667 0.026000 0.050667
10 0.756000 0.512000 0.028000 0.037333
10 0.723000 0.538667 0.026000 0.026667
10 0.684000 0.561333 0.040000 0.066667
10 0.174000 0.586667 0.028000 0.037333
10 0.211000 0.696000 0.106000 0.224000
10 0.711000 0.621333 0.030000 0.048000
10 0.146000 0.644000 0.028000 0.034667
10 0.264000 0.748000 0.028000 0.040000
10 0.238000 0.801333 0.060000 0.098667
10 0.017000 0.853333 0.034000 0.048000
10 0.149000 0.908000 0.062000 0.093333
10 0.051000 0.937333 0.066000 0.066667