10 0.325000 0.240625 0.041667 0.075000
10 0.398958 0.270313 0.035417 0.046875
10 0.394792 0.389062 0.068750 0.084375
10 0.439583 0.421875 0.037500 0.050000
10 0.537500 0.442188 0.054167 0.090625
10 0.473958 0.467187 0.039583 0.053125
10 0.369792 0.495312 0.043750 0.059375
10 0.541667 0.518750 0.041667 0.056250
10 0.470833 0.559375 0.079167 0.106250
10 0.390625 0.629687 0.039583 0.159375
10 0.527083 0.728125 0.095833 0.200000
10 0.309375 0.742188 0.047917 0.090625
10 0.669792 0.831250 0.035417 0.068750
10 0.595833 0.860938 0.116667 0.109375
10 0.609375 0.935937 0.052083 0.053125