10 0.440625 0.339583 0.025000 0.041667
10 0.503125 0.365625 0.025000 0.035417
10 0.477344 0.414583 0.051562 0.108333
10 0.389844 0.381250 0.020313 0.025000
10 0.562500 0.434375 0.028125 0.027083
10 0.412500 0.476042 0.053125 0.089583
10 0.605469 0.520833 0.029687 0.037500
10 0.422656 0.556250 0.032813 0.041667
10 0.580469 0.582292 0.020313 0.031250
10 0.408594 0.618750 0.057813 0.083333
10 0.587500 0.670833 0.059375 0.091667
10 0.466406 0.716667 0.070312 0.045833
10 0.518750 0.758333 0.037500 0.045833