10 0.427315 0.418346 0.058333 0.055594
10 0.538889 0.535441 0.022222 0.015983
10 0.331944 0.573315 0.058333 0.038916
10 0.119907 0.586518 0.071296 0.025017
10 0.356944 0.607019 0.073148 0.059069
10 0.065741 0.628909 0.046296 0.062543
10 0.112037 0.650799 0.046296 0.032662
10 0.364352 0.647325 0.019444 0.025712
10 0.195370 0.646282 0.027778 0.013899
10 0.663889 0.692495 0.074074 0.091035
10 0.314815 0.748436 0.218519 0.168172
10 0.389815 0.677901 0.020370 0.015983
10 0.434722 0.706741 0.032407 0.029187