11 0.356808 0.125000 0.237089 0.218310
11 0.686033 0.073063 0.113850 0.102113
11 0.715962 0.264085 0.265258 0.190141
11 0.333920 0.307658 0.357981 0.236796
11 0.503521 0.357835 0.131455 0.183979
11 0.623239 0.316901 0.154930 0.079225
11 0.058685 0.373680 0.117371 0.085387
11 0.629695 0.386444 0.106808 0.054577
11 0.908451 0.440581 0.122066 0.152289
11 0.106221 0.423415 0.191315 0.088028
11 0.289906 0.463908 0.063380 0.086268
11 0.653756 0.453345 0.103286 0.051056
11 0.061033 0.495599 0.107981 0.051056
11 0.607394 0.602113 0.066901 0.079225
11 0.684272 0.658891 0.089202 0.050176
11 0.562207 0.702465 0.079812 0.073944
11 0.326291 0.732835 0.107981 0.118838
11 0.485329 0.742077 0.048122 0.031690
11 0.422535 0.779930 0.058685 0.022887
11 0.359155 0.818222 0.070423 0.025528
11 0.446596 0.860475 0.085681 0.083627
11 0.164906 0.872799 0.217136 0.078345
11 0.186033 0.912412 0.001174 0.000880