10 0.468606 0.146341 0.202144 0.270510
10 0.834609 0.162971 0.042879 0.064302
10 0.718989 0.342572 0.182236 0.201774
10 0.241960 0.361419 0.122511 0.226164
10 0.859112 0.381375 0.042879 0.066519
10 0.571210 0.567627 0.180704 0.288248
10 0.839204 0.643016 0.052067 0.155211
10 0.738897 0.666297 0.075038 0.082040
10 0.487749 0.787140 0.075038 0.141907
10 0.818530 0.760532 0.019908 0.035477
10 0.755743 0.800443 0.059724 0.093126
10 0.167688 0.789357 0.044410 0.053215
10 0.803982 0.844789 0.033691 0.062084