10 0.543796 0.023333 0.041363 0.046667
10 0.324818 0.101667 0.041363 0.083333
10 0.019465 0.106667 0.029197 0.073333
10 0.509732 0.133333 0.051095 0.053333
10 0.383212 0.181667 0.031630 0.050000
10 0.502433 0.228333 0.094891 0.143333
10 0.819951 0.191667 0.048662 0.050000
10 0.324818 0.210000 0.026764 0.046667
10 0.377129 0.328333 0.126521 0.156667
10 0.273723 0.406667 0.065693 0.300000
10 0.551095 0.420000 0.201946 0.300000
10 0.896594 0.338333 0.051095 0.070000
10 0.900243 0.448333 0.068127 0.083333
10 0.293187 0.636667 0.099757 0.206667
10 0.716545 0.733333 0.318735 0.326667
10 0.425791 0.633333 0.034063 0.113333
10 0.507299 0.788333 0.119221 0.423333
10 0.587591 0.616667 0.051095 0.066667
10 0.361314 0.663333 0.026764 0.073333
10 0.462287 0.735000 0.043796 0.090000
10 0.368613 0.783333 0.031630 0.053333
10 0.726277 0.848333 0.051095 0.056667
10 0.381995 0.883333 0.038929 0.060000
10 0.312652 0.945000 0.075426 0.103333
10 0.748175 0.961667 0.109489 0.076667