13 0.548000 0.045727 0.036000 0.028486
13 0.364000 0.240630 0.024000 0.022489
13 0.428000 0.268366 0.032000 0.029985
13 0.686000 0.274363 0.036000 0.017991
13 0.280000 0.292354 0.028000 0.020990
13 0.283000 0.389055 0.070000 0.040480
13 0.380000 0.388306 0.060000 0.038981
13 0.504000 0.397301 0.036000 0.029985
13 0.125000 0.439280 0.034000 0.044978
13 0.199000 0.467016 0.062000 0.046477
13 0.326000 0.477511 0.028000 0.031484
13 0.519000 0.485007 0.038000 0.034483
13 0.564000 0.503748 0.036000 0.032984
13 0.634000 0.500750 0.044000 0.026987
13 0.423000 0.511244 0.070000 0.032984
13 0.232000 0.513493 0.040000 0.031484
13 0.740000 0.528486 0.052000 0.034483
13 0.336000 0.537481 0.076000 0.049475
13 0.663000 0.556972 0.066000 0.037481
13 0.106000 0.566717 0.032000 0.026987
13 0.173000 0.583958 0.046000 0.043478
13 0.586000 0.596702 0.088000 0.050975
13 0.685000 0.595952 0.026000 0.034483
13 0.084000 0.603448 0.044000 0.037481
13 0.246000 0.630435 0.044000 0.037481
13 0.681000 0.632684 0.018000 0.017991
13 0.555000 0.674663 0.046000 0.038981
13 0.687000 0.678411 0.058000 0.046477
13 0.136000 0.697151 0.040000 0.029985
13 0.224000 0.710645 0.036000 0.035982
13 0.543000 0.748126 0.066000 0.053973
13 0.704000 0.778111 0.044000 0.050975
13 0.482000 0.835082 0.076000 0.050975
13 0.495000 0.932534 0.042000 0.047976
13 0.650000 0.970015 0.040000 0.038981