13 0.412083 0.268428 0.017500 0.030598
13 0.163333 0.307371 0.060000 0.080668
13 0.615833 0.303894 0.023333 0.048679
13 0.015417 0.390821 0.030833 0.072323
13 0.085000 0.390125 0.035000 0.051460
13 0.342917 0.401252 0.044167 0.073713
13 0.155833 0.431850 0.108333 0.121001
13 0.398750 0.410292 0.040833 0.050070
13 0.473750 0.476356 0.039167 0.104312
13 0.325000 0.621697 0.355000 0.242003
13 0.064583 0.573018 0.020833 0.025035
13 0.125417 0.702364 0.027500 0.036161
13 0.189167 0.737830 0.038333 0.057024
13 0.261250 0.863004 0.019167 0.045897
13 0.096667 0.945758 0.033333 0.055633
13 0.223333 0.944367 0.021667 0.041725
13 0.011667 0.949235 0.020000 0.043115
13 0.272083 0.964534 0.040833 0.048679