12 0.902344 0.035156 0.072266 0.065104
12 0.274902 0.183594 0.092773 0.153646
12 0.202148 0.133464 0.048828 0.037760
12 0.182129 0.264323 0.063477 0.080729
12 0.009766 0.268229 0.019531 0.041667
12 0.251953 0.279948 0.060547 0.046875
12 0.318848 0.356771 0.057617 0.101562
12 0.481934 0.336589 0.034180 0.055990
12 0.269043 0.391927 0.075195 0.078125
12 0.545410 0.540365 0.163086 0.304688
12 0.813477 0.585286 0.171875 0.238281
12 0.217773 0.490234 0.046875 0.042969
12 0.021973 0.645833 0.043945 0.122396
12 0.758789 0.735677 0.078125 0.072917
12 0.978027 0.738281 0.041992 0.067708
12 0.681641 0.776042 0.035156 0.070312
12 0.207031 0.805339 0.056641 0.082031
12 0.265625 0.851562 0.054688 0.057292
12 0.432129 0.848307 0.041992 0.037760
12 0.085938 0.876953 0.062500 0.058594
12 0.202148 0.910156 0.042969 0.057292