13 0.548652 0.349219 0.073857 0.071875
13 0.872802 0.360547 0.042204 0.032031
13 0.308324 0.413672 0.056272 0.132031
13 0.817702 0.385547 0.043376 0.035156
13 0.480950 0.388281 0.024033 0.029687
13 0.877198 0.403906 0.043962 0.026562
13 0.541618 0.417187 0.018757 0.023438
13 0.581184 0.433203 0.018171 0.024219
13 0.516413 0.445312 0.021102 0.028125
13 0.533998 0.477734 0.017585 0.028906
13 0.677902 0.485547 0.025205 0.027344
13 0.505862 0.494922 0.037515 0.039844
13 0.295135 0.509766 0.076788 0.038281
13 0.603458 0.519531 0.035756 0.037500
13 0.709261 0.544531 0.125440 0.087500
13 0.405334 0.530078 0.050996 0.036719
13 0.516120 0.539844 0.024033 0.040625
13 0.263482 0.573438 0.025205 0.034375
13 0.519637 0.592578 0.049824 0.047656
13 0.580305 0.590234 0.022274 0.033594
13 0.310961 0.608594 0.024033 0.032813
13 0.654748 0.629297 0.019930 0.036719
13 0.458675 0.648828 0.054513 0.071094
13 0.381008 0.663281 0.028136 0.028125