13 0.427000 0.187000 0.030000 0.022000
13 0.345000 0.202000 0.054000 0.036000
13 0.388000 0.213000 0.036000 0.026000
13 0.461000 0.236000 0.042000 0.052000
13 0.158000 0.256000 0.052000 0.044000
13 0.315000 0.288000 0.078000 0.092000
13 0.831000 0.303000 0.058000 0.090000
13 0.360000 0.279000 0.024000 0.026000
13 0.201000 0.286000 0.034000 0.036000
13 0.695000 0.294000 0.022000 0.044000
13 0.606000 0.301000 0.028000 0.030000
13 0.901000 0.310000 0.030000 0.040000
13 0.112000 0.309000 0.028000 0.026000
13 0.160000 0.335000 0.048000 0.030000
13 0.256000 0.341000 0.032000 0.030000
13 0.407000 0.350000 0.030000 0.024000
13 0.710000 0.378000 0.060000 0.068000
13 0.144000 0.360000 0.020000 0.024000
13 0.062000 0.377000 0.024000 0.022000
13 0.459000 0.380000 0.034000 0.028000
13 0.921000 0.385000 0.022000 0.018000
13 0.608000 0.406000 0.048000 0.048000
13 0.854000 0.396000 0.044000 0.028000
13 0.784000 0.434000 0.092000 0.084000
13 0.334000 0.413000 0.028000 0.026000
13 0.320000 0.447000 0.028000 0.030000
13 0.358000 0.458000 0.024000 0.028000
13 0.898000 0.459000 0.024000 0.026000
13 0.041000 0.462000 0.038000 0.024000
13 0.625000 0.474000 0.022000 0.024000
13 0.588000 0.478000 0.028000 0.028000
13 0.111000 0.486000 0.030000 0.028000
13 0.780000 0.515000 0.048000 0.030000
13 0.548000 0.526000 0.024000 0.028000
13 0.432000 0.565000 0.052000 0.030000
13 0.342000 0.568000 0.024000 0.032000
13 0.406000 0.591000 0.024000 0.018000
13 0.842000 0.596000 0.028000 0.028000
13 0.055000 0.626000 0.078000 0.084000
13 0.916000 0.596000 0.024000 0.024000
13 0.463000 0.649000 0.090000 0.118000
13 0.378000 0.611000 0.028000 0.022000
13 0.287000 0.621000 0.022000 0.026000
13 0.637000 0.641000 0.126000 0.062000
13 0.882000 0.624000 0.032000 0.028000
13 0.458000 0.625000 0.024000 0.022000
13 0.292000 0.650000 0.024000 0.028000
13 0.916000 0.653000 0.040000 0.030000
13 0.790000 0.659000 0.024000 0.022000
13 0.975000 0.673000 0.050000 0.046000
13 0.300000 0.730000 0.052000 0.120000
13 0.377000 0.697000 0.026000 0.026000
13 0.869000 0.710000 0.026000 0.024000
13 0.948000 0.728000 0.092000 0.036000
13 0.825000 0.724000 0.022000 0.024000
13 0.670000 0.740000 0.024000 0.024000
13 0.723000 0.758000 0.066000 0.040000
13 0.526000 0.761000 0.020000 0.022000
13 0.868000 0.763000 0.032000 0.030000
13 0.807000 0.766000 0.050000 0.028000
13 0.968000 0.792000 0.032000 0.052000
13 0.520000 0.790000 0.024000 0.024000
13 0.696000 0.816000 0.028000 0.044000
13 0.819000 0.837000 0.078000 0.042000
13 0.544000 0.850000 0.024000 0.024000
13 0.586000 0.861000 0.028000 0.046000
13 0.663000 0.856000 0.034000 0.032000
13 0.580000 0.917000 0.024000 0.026000
13 0.806000 0.932000 0.060000 0.044000
13 0.633000 0.950000 0.062000 0.068000
13 0.850000 0.981000 0.132000 0.038000