13 0.804375 0.206654 0.121250 0.081537
13 0.137500 0.350515 0.270000 0.298032
13 0.900625 0.223993 0.051250 0.026242
13 0.764375 0.357076 0.053750 0.063730
13 0.312500 0.362231 0.035000 0.057170
13 0.445625 0.350047 0.033750 0.025305
13 0.503750 0.396907 0.057500 0.044049
13 0.308750 0.416589 0.015000 0.025305
13 0.431875 0.427835 0.033750 0.029053
13 0.577500 0.433458 0.035000 0.027179
13 0.340000 0.453608 0.055000 0.054358
13 0.466875 0.464386 0.028750 0.025305
13 0.345625 0.492034 0.043750 0.043112
13 0.444375 0.500469 0.026250 0.024367
13 0.499375 0.555295 0.038750 0.064667
13 0.442500 0.561387 0.072500 0.073102
13 0.885625 0.585286 0.081250 0.111528
13 0.127500 0.612465 0.200000 0.119025
13 0.599375 0.770384 0.191250 0.365511
13 0.351875 0.627929 0.016250 0.024367
13 0.478125 0.633552 0.036250 0.026242
13 0.532500 0.671509 0.042500 0.087160
13 0.439375 0.707591 0.121250 0.144330
13 0.050000 0.692127 0.075000 0.040300
13 0.052500 0.742737 0.032500 0.038425
13 0.038125 0.788191 0.051250 0.029991
13 0.018750 0.971884 0.032500 0.022493
13 0.031875 0.991565 0.031250 0.016870