13 0.604000 0.019000 0.044000 0.034000
13 0.754000 0.026000 0.052000 0.044000
13 0.384000 0.137000 0.276000 0.242000
13 0.869000 0.109000 0.138000 0.146000
13 0.600000 0.173000 0.276000 0.230000
13 0.540000 0.131000 0.028000 0.034000
13 0.755000 0.138000 0.038000 0.036000
13 0.509000 0.164000 0.026000 0.032000
13 0.723000 0.218000 0.054000 0.072000
13 0.337000 0.239000 0.026000 0.030000
13 0.770000 0.394000 0.460000 0.272000
13 0.317000 0.374000 0.454000 0.220000
13 0.541000 0.628000 0.918000 0.512000
13 0.562000 0.476000 0.036000 0.044000