12 0.855455 0.009476 0.012727 0.016722
12 0.913636 0.008361 0.012727 0.012263
12 0.810455 0.178372 0.026364 0.037904
12 0.778636 0.181717 0.026364 0.020067
12 0.850909 0.212932 0.074545 0.069119
12 0.706364 0.242475 0.014545 0.018952
12 0.380909 0.240803 0.014545 0.011148
12 0.769091 0.254181 0.025455 0.031215
12 0.528182 0.298216 0.016364 0.018952
12 0.548182 0.325530 0.014545 0.015608
12 0.495455 0.329431 0.018182 0.016722
12 0.352273 0.337235 0.015455 0.018952
12 0.558182 0.356745 0.018182 0.015608
12 0.365455 0.357302 0.009091 0.010033
12 0.742727 0.398551 0.027273 0.030100
12 0.488182 0.411929 0.021818 0.012263
12 0.720909 0.429766 0.021818 0.036789
12 0.861818 0.477703 0.023636 0.025641
12 0.668182 0.479933 0.016364 0.016722
12 0.390909 0.518395 0.021818 0.075808
12 0.905455 0.567447 0.020000 0.022297
12 0.395000 0.589186 0.057273 0.041249
12 0.937727 0.580825 0.013636 0.015608
12 0.517727 0.607581 0.019091 0.020067
12 0.385909 0.636009 0.019091 0.016722
12 0.601818 0.647157 0.018182 0.021182
12 0.653182 0.668896 0.042727 0.051282
12 0.875909 0.652174 0.010000 0.015608
12 0.901364 0.660535 0.015455 0.018952
12 0.179091 0.692865 0.010909 0.016722
12 0.443636 0.702899 0.021818 0.032330
12 0.484091 0.702341 0.015455 0.022297
12 0.445000 0.749164 0.042727 0.031215
12 0.653182 0.749721 0.017273 0.027871
12 0.635000 0.792085 0.024545 0.030100
12 0.407727 0.792085 0.013636 0.025641
12 0.426364 0.842809 0.010909 0.022297
12 0.359545 0.875139 0.015455 0.026756
12 0.410000 0.911371 0.018182 0.036789