13 0.091667 0.280415 0.066667 0.163205
13 0.517500 0.356083 0.178333 0.302671
13 0.712500 0.357567 0.075000 0.192878
13 0.385000 0.307122 0.026667 0.038576
13 0.367500 0.436202 0.078333 0.172107
13 0.403333 0.382789 0.020000 0.047478
13 0.310000 0.387240 0.026667 0.050445
13 0.287500 0.455490 0.035000 0.056380
13 0.200833 0.500000 0.021667 0.026706
13 0.616667 0.551929 0.050000 0.094955
13 0.220833 0.556380 0.018333 0.038576
13 0.357500 0.626113 0.041667 0.160237
13 0.185000 0.577151 0.030000 0.038576
13 0.260000 0.603858 0.046667 0.074184
13 0.568333 0.618694 0.020000 0.050445
13 0.812500 0.627596 0.055000 0.068249
13 0.150000 0.620178 0.016667 0.035608
13 0.586667 0.747774 0.120000 0.255193
13 0.880000 0.651335 0.023333 0.038576
13 0.713333 0.661721 0.030000 0.053412
13 0.900000 0.678042 0.023333 0.038576
13 0.321667 0.749258 0.026667 0.080119
13 0.866667 0.731454 0.020000 0.044510
13 0.601667 0.939169 0.036667 0.086053