13 0.966067 0.023663 0.055527 0.041152
13 0.161954 0.031121 0.015424 0.014918
13 0.217481 0.036265 0.019537 0.019033
13 0.096658 0.071245 0.032905 0.029321
13 0.194859 0.107510 0.022622 0.029835
13 0.027763 0.120113 0.042159 0.031379
13 0.870437 0.120885 0.020566 0.016461
13 0.097172 0.175669 0.013368 0.034465
13 0.172237 0.203447 0.042159 0.034465
13 0.814910 0.269033 0.020566 0.013374
13 0.788175 0.280607 0.014396 0.015947
13 0.345758 0.325617 0.089974 0.102881
13 0.500771 0.363940 0.020566 0.031379
13 0.256555 0.420782 0.182005 0.098765
13 0.620566 0.398405 0.031877 0.026235
13 0.853985 0.492798 0.114139 0.067901
13 0.272494 0.533693 0.236504 0.108539
13 0.426478 0.710648 0.180463 0.382202
13 0.039332 0.660494 0.033419 0.029835
13 0.375321 0.653292 0.017481 0.015432
13 0.164781 0.656121 0.032391 0.015947
13 0.167095 0.694187 0.055527 0.044753
13 0.310540 0.884259 0.028792 0.075103
13 0.709769 0.864969 0.011825 0.012860
13 0.750386 0.866255 0.011825 0.007202
13 0.727506 0.889403 0.037018 0.024691
13 0.687661 0.939043 0.085861 0.121914
13 0.762982 0.905864 0.021594 0.017490
13 0.256555 0.911523 0.014396 0.016461
13 0.125964 0.941101 0.035990 0.021091
13 0.426221 0.941358 0.016452 0.017490
13 0.306427 0.952675 0.014396 0.017490
13 0.048586 0.969136 0.016967 0.016461
13 0.333162 0.983025 0.025707 0.024691
13 0.258355 0.993313 0.056041 0.013374