12 0.811364 0.177815 0.022727 0.036789
12 0.777273 0.181159 0.027273 0.021182
12 0.850909 0.211817 0.074545 0.069119
12 0.382273 0.241918 0.017273 0.017837
12 0.706818 0.243032 0.015455 0.022297
12 0.770000 0.253623 0.027273 0.030100
12 0.607273 0.292085 0.009091 0.011148
12 0.527727 0.298774 0.017273 0.017837
12 0.629091 0.297659 0.007273 0.008919
12 0.337727 0.321070 0.008182 0.006689
12 0.547727 0.326644 0.015455 0.017837
12 0.496818 0.329989 0.020909 0.020067
12 0.352273 0.336120 0.017273 0.018952
12 0.330000 0.343924 0.010909 0.012263
12 0.557727 0.354515 0.017273 0.011148
12 0.365455 0.357302 0.010909 0.012263
12 0.891364 0.380713 0.033636 0.061315
12 0.379091 0.362876 0.010909 0.010033
12 0.008182 0.367336 0.016364 0.016722
12 0.092273 0.370680 0.011818 0.016722
12 0.110000 0.372910 0.012727 0.021182
12 0.743636 0.398551 0.025455 0.030100
12 0.231818 0.403567 0.016364 0.017837
12 0.342273 0.411929 0.017273 0.021182
12 0.486818 0.413043 0.020909 0.012263
12 0.719545 0.429766 0.022727 0.039019
12 0.754091 0.415831 0.010000 0.011148
12 0.283182 0.426979 0.011818 0.017837
12 0.232727 0.431996 0.009091 0.007804
12 0.210909 0.449833 0.014545 0.010033
12 0.860455 0.476589 0.024545 0.027871
12 0.201364 0.473802 0.017273 0.011148
12 0.668636 0.479933 0.013636 0.016722
12 0.769091 0.491081 0.012727 0.023411
12 0.391364 0.518952 0.017273 0.072464
12 0.502273 0.554069 0.020909 0.022297
12 0.905455 0.565775 0.020000 0.021182
12 0.515455 0.574693 0.014545 0.018952
12 0.394545 0.589744 0.056364 0.042363
12 0.435000 0.580268 0.017273 0.018952
12 0.937727 0.580268 0.013636 0.016722
12 0.517727 0.608138 0.019091 0.018952
12 0.386364 0.634337 0.018182 0.017837
12 0.602727 0.648829 0.018182 0.022297
12 0.651364 0.668339 0.042727 0.047938
12 0.875455 0.653289 0.012727 0.015608
12 0.901818 0.660535 0.012727 0.016722
12 0.706818 0.672241 0.008182 0.008919
12 0.475000 0.680602 0.026364 0.014493
12 0.442727 0.701226 0.023636 0.037904
12 0.179091 0.691750 0.010909 0.012263
12 0.484091 0.701226 0.017273 0.022297
12 0.459091 0.719064 0.016364 0.020067
12 0.445000 0.749721 0.046364 0.032330
12 0.653182 0.751394 0.013636 0.026756
12 0.406818 0.792085 0.015455 0.025641
12 0.635909 0.792085 0.022727 0.025641
12 0.425455 0.842252 0.010909 0.025641
12 0.360909 0.876254 0.012727 0.028986
12 0.410000 0.910814 0.018182 0.037904