13 0.247500 0.026875 0.060000 0.046250
13 0.321667 0.023125 0.033333 0.038750
13 0.387083 0.046250 0.044167 0.055000
13 0.501667 0.042500 0.028333 0.025000
13 0.129167 0.058125 0.021667 0.043750
13 0.524583 0.070000 0.025833 0.030000
13 0.304583 0.095000 0.089167 0.067500
13 0.675417 0.398750 0.132500 0.620000
13 0.927500 0.105625 0.030000 0.033750
13 0.893333 0.118125 0.015000 0.026250
13 0.219167 0.164375 0.055000 0.106250
13 0.873333 0.144375 0.025000 0.046250
13 0.368750 0.155000 0.024167 0.037500
13 0.274583 0.162500 0.022500 0.022500
13 0.401667 0.580625 0.155000 0.838750
13 0.987917 0.200625 0.024167 0.053750
13 0.874583 0.199375 0.019167 0.033750
13 0.287083 0.215625 0.052500 0.053750
13 0.160417 0.212500 0.022500 0.027500
13 0.272917 0.270000 0.029167 0.025000
13 0.817083 0.311250 0.040833 0.100000
13 0.275417 0.491250 0.122500 0.412500
13 0.041667 0.386250 0.076667 0.107500
13 0.598333 0.369375 0.041667 0.051250
13 0.801250 0.504375 0.095833 0.231250
13 0.930417 0.416250 0.044167 0.057500
13 0.581667 0.563125 0.051667 0.073750
13 0.197917 0.573125 0.025833 0.043750
13 0.661667 0.806250 0.045000 0.300000
13 0.210417 0.690000 0.024167 0.035000
13 0.564167 0.768125 0.035000 0.083750
13 0.217917 0.778750 0.055833 0.090000