12 0.539062 0.029785 0.109375 0.057617
12 0.408854 0.088867 0.096354 0.093750
12 0.514974 0.229980 0.092448 0.053711
12 0.588542 0.336426 0.059896 0.063477
12 0.640625 0.480469 0.070312 0.056641
12 0.387370 0.484375 0.050781 0.033203
12 0.576172 0.548828 0.092448 0.070312
12 0.621745 0.639648 0.087240 0.074219
12 0.434896 0.714844 0.114583 0.109375
12 0.527995 0.692383 0.071615 0.054688
12 0.158854 0.796387 0.046875 0.061523
12 0.643880 0.868652 0.141927 0.135742
12 0.250000 0.836914 0.070312 0.046875
12 0.177734 0.873047 0.042969 0.041016
12 0.525391 0.887695 0.063802 0.058594
12 0.141276 0.909180 0.058594 0.031250
12 0.187500 0.941406 0.041667 0.039062