13 0.360883 0.192521 0.046201 0.060942
13 0.687372 0.195983 0.044148 0.045706
13 0.080082 0.217452 0.016427 0.027701
13 0.625257 0.268006 0.014374 0.023546
13 0.009240 0.323407 0.018480 0.034626
13 0.236653 0.333795 0.025667 0.041551
13 0.407084 0.356648 0.023614 0.037396
13 0.748973 0.495845 0.165298 0.166205
13 0.409138 0.677978 0.128337 0.159280
13 0.053901 0.655125 0.017454 0.022161
13 0.089836 0.663435 0.015400 0.022161
13 0.556982 0.693213 0.087269 0.081717
13 0.475359 0.882964 0.065708 0.084488