13 0.384000 0.383333 0.128000 0.134667
13 0.635000 0.405333 0.188000 0.122667
13 0.508000 0.442667 0.030000 0.032000
13 0.260000 0.468000 0.032000 0.066667
13 0.536500 0.458000 0.025000 0.038667
13 0.315500 0.501333 0.019000 0.034667
13 0.341000 0.535333 0.018000 0.060000
13 0.219000 0.553333 0.032000 0.061333
13 0.374000 0.540000 0.018000 0.032000
13 0.625500 0.556000 0.047000 0.048000
13 0.419500 0.572667 0.031000 0.041333
13 0.444500 0.710667 0.353000 0.312000
13 0.396500 0.592000 0.013000 0.021333
13 0.146500 0.634667 0.037000 0.098667
13 0.349000 0.616000 0.040000 0.042667
13 0.084500 0.755333 0.073000 0.260000
13 0.311000 0.655333 0.036000 0.049333
13 0.211500 0.689333 0.019000 0.034667
13 0.338000 0.710000 0.022000 0.030667
13 0.309500 0.722667 0.017000 0.045333
13 0.367000 0.748667 0.026000 0.030667
13 0.293500 0.769333 0.019000 0.034667
13 0.198000 0.783333 0.016000 0.017333
13 0.134000 0.822000 0.016000 0.020000
13 0.197500 0.839333 0.033000 0.036000
13 0.252500 0.857333 0.035000 0.032000
13 0.218500 0.862000 0.009000 0.025333