12 0.776693 0.093262 0.082031 0.061523
12 0.408203 0.254883 0.019531 0.023438
12 0.440104 0.267090 0.026042 0.026367
12 0.331380 0.369141 0.027344 0.041016
12 0.509115 0.386719 0.046875 0.042969
12 0.651693 0.392578 0.058594 0.050781
12 0.276042 0.390625 0.046875 0.017578
12 0.310547 0.431152 0.032552 0.043945
12 0.657552 0.451660 0.059896 0.047852
12 0.083984 0.491211 0.053385 0.060547
12 0.135417 0.605469 0.049479 0.041016
12 0.664062 0.613281 0.075521 0.056641
12 0.044922 0.600098 0.048177 0.028320
12 0.171875 0.616699 0.018229 0.028320
12 0.792969 0.634277 0.031250 0.040039
12 0.034505 0.649902 0.027344 0.022461
12 0.096354 0.668457 0.054688 0.051758
12 0.443359 0.670898 0.042969 0.042969
12 0.647786 0.702148 0.042969 0.056641
12 0.533203 0.719238 0.069010 0.069336
12 0.098958 0.817871 0.033854 0.038086
12 0.012370 0.855469 0.016927 0.023438
12 0.537109 0.893066 0.019531 0.018555
12 0.585286 0.910156 0.055990 0.033203
12 0.347656 0.954590 0.229167 0.090820
12 0.501302 0.946777 0.104167 0.059570