13 0.822754 0.156700 0.030273 0.051153
13 0.810059 0.238112 0.042969 0.071326
13 0.362061 0.345461 0.075684 0.081412
13 0.208008 0.359150 0.062500 0.088617
13 0.701904 0.423991 0.019043 0.035303
13 0.238525 0.443804 0.055176 0.072046
13 0.665771 0.434798 0.031738 0.042507
13 0.656982 0.480548 0.016113 0.021614
13 0.183350 0.532061 0.087402 0.114553
13 0.768555 0.494957 0.025391 0.033141
13 0.682861 0.557277 0.035645 0.108790
13 0.239746 0.620677 0.238281 0.212536
13 0.720459 0.569524 0.025879 0.036744
13 0.726807 0.646254 0.023926 0.033141
13 0.681641 0.715418 0.069336 0.139769