13 0.619531 0.472917 0.273438 0.383333
13 0.391406 0.304167 0.026562 0.029167
13 0.442188 0.368750 0.021875 0.025000
13 0.747656 0.409375 0.048438 0.060417
13 0.289062 0.439583 0.050000 0.083333
13 0.781250 0.526042 0.046875 0.052083
13 0.324219 0.529167 0.020313 0.029167
13 0.774219 0.647917 0.267188 0.220833
13 0.517188 0.639583 0.043750 0.050000
13 0.981250 0.639583 0.037500 0.041667
13 0.289844 0.715625 0.057813 0.052083
13 0.460938 0.718750 0.050000 0.050000
13 0.792969 0.744792 0.042188 0.060417
13 0.728125 0.768750 0.043750 0.029167