13 0.596026 0.131000 0.087417 0.154000
13 0.257616 0.521000 0.406623 0.842000
13 0.511921 0.136000 0.017219 0.036000
13 0.548344 0.162000 0.018543 0.028000
13 0.498013 0.174000 0.018543 0.024000
13 0.505960 0.217000 0.031788 0.050000
13 0.649007 0.442000 0.317881 0.488000
13 0.586093 0.235000 0.017219 0.030000
13 0.549669 0.243000 0.018543 0.030000
13 0.423179 0.323000 0.027815 0.034000
13 0.461589 0.328000 0.019868 0.024000
13 0.494702 0.369000 0.019868 0.034000
13 0.480132 0.451000 0.027815 0.030000
13 0.727152 0.823000 0.450331 0.318000