13 0.186000 0.158333 0.044000 0.083333
13 0.339000 0.173333 0.042000 0.053333
13 0.506000 0.465000 0.408000 0.550000
13 0.277000 0.235000 0.014000 0.056667
13 0.200000 0.246667 0.020000 0.053333
13 0.237000 0.420000 0.082000 0.140000
13 0.362000 0.506667 0.024000 0.093333
13 0.469000 0.575000 0.046000 0.083333
13 0.322000 0.588333 0.032000 0.050000
13 0.423000 0.658333 0.034000 0.043333
13 0.743000 0.680000 0.038000 0.066667
13 0.401000 0.753333 0.034000 0.060000
13 0.468000 0.773333 0.056000 0.073333