12 0.500651 0.022217 0.018229 0.012207
12 0.758138 0.090576 0.020182 0.019043
12 0.330404 0.140381 0.063151 0.067871
12 0.242513 0.198242 0.014974 0.020508
12 0.342122 0.200684 0.016276 0.012695
12 0.605143 0.305176 0.048828 0.083008
12 0.329427 0.305908 0.009115 0.007324
12 0.524089 0.461670 0.092448 0.062012
12 0.662760 0.621826 0.036458 0.020020
12 0.631510 0.639648 0.033854 0.052734
12 0.594076 0.656982 0.029297 0.021973
12 0.324544 0.675537 0.029297 0.042480
12 0.408203 0.731689 0.093750 0.053223