12 0.402344 0.131250 0.010937 0.012500
12 0.547656 0.186458 0.014063 0.018750
12 0.875000 0.291667 0.018750 0.020833
12 0.846094 0.293750 0.017188 0.012500
12 0.575781 0.364583 0.014063 0.025000
12 0.672656 0.371875 0.020313 0.010417
12 0.613281 0.385417 0.007812 0.016667
12 0.717969 0.406250 0.023438 0.020833
12 0.652344 0.418750 0.020313 0.025000
12 0.553906 0.418750 0.017188 0.016667
12 0.572656 0.426042 0.007812 0.010417
12 0.285938 0.451042 0.028125 0.043750
12 0.819531 0.455208 0.020313 0.014583
12 0.157812 0.477083 0.025000 0.033333
12 0.522656 0.464583 0.010937 0.012500
12 0.756250 0.477083 0.021875 0.016667
12 0.714844 0.483333 0.014063 0.012500
12 0.694531 0.492708 0.020313 0.010417
12 0.585938 0.515625 0.021875 0.018750
12 0.328125 0.550000 0.012500 0.012500
12 0.329688 0.567708 0.012500 0.018750
12 0.173437 0.588542 0.015625 0.018750
12 0.722656 0.691667 0.035937 0.054167
12 0.715625 0.794792 0.040625 0.035417
12 0.300781 0.857292 0.023438 0.027083