13 0.710938 0.037500 0.050000 0.075000
13 0.431250 0.097222 0.034375 0.066667
13 0.642188 0.137500 0.031250 0.041667
13 0.694531 0.216667 0.057813 0.122222
13 0.751563 0.344444 0.159375 0.250000
13 0.279687 0.265278 0.018750 0.052778
13 0.432031 0.293056 0.017188 0.047222
13 0.616406 0.330556 0.073438 0.111111
13 0.460938 0.444444 0.046875 0.077778
13 0.350000 0.450000 0.018750 0.044444
13 0.798438 0.505556 0.059375 0.094444
13 0.449219 0.519444 0.045312 0.066667
13 0.319531 0.566667 0.029687 0.044444
13 0.637500 0.619444 0.071875 0.116667
13 0.300000 0.604167 0.043750 0.052778
13 0.714844 0.694444 0.117188 0.177778
13 0.401562 0.759722 0.128125 0.163889
13 0.231250 0.893056 0.153125 0.163889