12 0.910937 0.034375 0.050000 0.068750
12 0.200781 0.135417 0.048438 0.037500
12 0.183594 0.265625 0.064062 0.081250
12 0.014844 0.293750 0.029687 0.095833
12 0.481250 0.355208 0.056250 0.089583
12 0.270313 0.391667 0.075000 0.075000
12 0.523438 0.530208 0.118750 0.331250
12 0.218750 0.480208 0.043750 0.068750
12 0.782813 0.635417 0.237500 0.345833
12 0.021875 0.660417 0.043750 0.087500
12 0.978125 0.736458 0.043750 0.064583
12 0.429688 0.848958 0.046875 0.043750
12 0.271094 0.855208 0.045312 0.052083
12 0.085938 0.873958 0.059375 0.052083
12 0.202344 0.909375 0.045312 0.056250