12 0.778125 0.092188 0.081250 0.065625
12 0.427083 0.264844 0.062500 0.051562
12 0.332292 0.368750 0.027083 0.040625
12 0.642708 0.416406 0.089583 0.120313
12 0.263542 0.389844 0.052083 0.020313
12 0.500000 0.393750 0.037500 0.031250
12 0.469792 0.415625 0.031250 0.021875
12 0.314583 0.429688 0.025000 0.040625
12 0.084375 0.495312 0.052083 0.056250
12 0.445833 0.471094 0.016667 0.010937
12 0.046875 0.607031 0.056250 0.042188
12 0.140625 0.604688 0.043750 0.040625
12 0.667708 0.610938 0.077083 0.053125
12 0.791667 0.634375 0.029167 0.040625
12 0.034375 0.647656 0.031250 0.023438
12 0.284375 0.642188 0.018750 0.015625
12 0.101042 0.670312 0.052083 0.043750
12 0.458333 0.669531 0.066667 0.045312
12 0.645833 0.700000 0.041667 0.050000
12 0.530208 0.719531 0.060417 0.067187
12 0.582292 0.902344 0.056250 0.042188
12 0.345833 0.955469 0.208333 0.089063
12 0.504167 0.945312 0.100000 0.059375