13 0.393000 0.115658 0.026000 0.046263
13 0.246000 0.156584 0.072000 0.113879
13 0.452000 0.505338 0.320000 0.811388
13 0.750000 0.135231 0.020000 0.028470
13 0.127000 0.229537 0.094000 0.081851
13 0.727000 0.286477 0.182000 0.195730
13 0.987000 0.243772 0.026000 0.053381
13 0.315000 0.238434 0.018000 0.028470
13 0.368000 0.247331 0.024000 0.039146
13 0.869000 0.286477 0.062000 0.117438
13 0.194000 0.272242 0.052000 0.060498
13 0.311000 0.336299 0.070000 0.138790
13 0.074000 0.325623 0.024000 0.039146
13 0.598000 0.355872 0.012000 0.028470
13 0.615000 0.371886 0.014000 0.024911
13 0.835000 0.402135 0.050000 0.092527
13 0.205000 0.455516 0.114000 0.106762
13 0.957000 0.439502 0.034000 0.060498
13 0.912000 0.457295 0.032000 0.060498
13 0.681000 0.631673 0.178000 0.345196
13 0.603000 0.514235 0.026000 0.039146
13 0.865000 0.505338 0.014000 0.028470
13 0.243000 0.537367 0.038000 0.078292
13 0.183000 0.548043 0.050000 0.078292
13 0.259000 0.672598 0.138000 0.199288
13 0.976000 0.770463 0.048000 0.181495
13 0.124000 0.701068 0.020000 0.035587
13 0.149000 0.766904 0.050000 0.067616
13 0.194000 0.845196 0.096000 0.160142
13 0.706000 0.814947 0.020000 0.035587
13 0.258000 0.861210 0.064000 0.099644
13 0.954000 0.884342 0.012000 0.024911
13 0.220000 0.923488 0.032000 0.053381