12 0.537109 0.028320 0.108073 0.054688
12 0.409505 0.090332 0.100260 0.090820
12 0.514974 0.231445 0.092448 0.052734
12 0.587891 0.335449 0.061198 0.065430
12 0.466797 0.360840 0.029948 0.018555
12 0.649089 0.479004 0.055990 0.049805
12 0.388672 0.485352 0.053385 0.033203
12 0.571615 0.547363 0.098958 0.067383
12 0.619792 0.639648 0.091146 0.074219
12 0.422526 0.674805 0.089844 0.058594
12 0.528646 0.691406 0.075521 0.054688
12 0.449219 0.736816 0.091146 0.073242
12 0.155599 0.790039 0.048177 0.046875
12 0.604167 0.868652 0.226562 0.137695
12 0.250651 0.839355 0.061198 0.043945
12 0.177734 0.875488 0.042969 0.041992
12 0.138021 0.912598 0.057292 0.030273
12 0.190755 0.944824 0.040365 0.041992