13 0.435874 0.017647 0.035316 0.035294
13 0.713755 0.163235 0.397770 0.326471
13 0.579461 0.055147 0.019517 0.042647
13 0.465149 0.198529 0.026952 0.052941
13 0.386152 0.250000 0.032528 0.052941
13 0.296468 0.274265 0.033457 0.045588
13 0.425186 0.294118 0.045539 0.064706
13 0.236059 0.300735 0.022305 0.039706
13 0.289498 0.313235 0.015799 0.023529
13 0.367565 0.319853 0.025093 0.027941
13 0.993959 0.341912 0.012082 0.030882
13 0.626394 0.641912 0.566914 0.601471
13 0.257435 0.395588 0.027881 0.052941
13 0.135223 0.427206 0.017658 0.057353
13 0.329461 0.463971 0.090149 0.113235
13 0.353625 0.621324 0.036245 0.048529
13 0.176580 0.768382 0.100372 0.066176
13 0.305297 0.807353 0.025093 0.041176