12 0.827148 0.189453 0.029297 0.050781
12 0.335938 0.455078 0.156250 0.180990
12 0.429688 0.448568 0.041016 0.050781
12 0.154297 0.511719 0.103516 0.067708
12 0.856934 0.505208 0.028320 0.041667
12 0.768066 0.546224 0.043945 0.055990
12 0.268555 0.684896 0.179688 0.236979
12 0.447754 0.606120 0.012695 0.037760
12 0.493652 0.602214 0.012695 0.027344
12 0.396973 0.636719 0.024414 0.049479
12 0.443848 0.694661 0.083008 0.102865
12 0.354980 0.757161 0.071289 0.118490
12 0.114746 0.782552 0.073242 0.049479
12 0.131348 0.832682 0.040039 0.040365
12 0.299805 0.824870 0.033203 0.024740
12 0.174316 0.907552 0.069336 0.117188