13 0.426000 0.248428 0.252000 0.496855
13 0.628000 0.020440 0.048000 0.040881
13 0.661000 0.314465 0.330000 0.628931
13 0.660000 0.056604 0.024000 0.056604
13 0.625000 0.080189 0.018000 0.034591
13 0.615000 0.215409 0.022000 0.040881
13 0.645000 0.352201 0.046000 0.094340
13 0.870000 0.347484 0.024000 0.047170
13 0.177000 0.360063 0.022000 0.040881
13 0.990000 0.378931 0.020000 0.072327
13 0.532000 0.377358 0.016000 0.031447
13 0.756000 0.374214 0.020000 0.031447
13 0.821000 0.389937 0.038000 0.044025
13 0.140000 0.405660 0.020000 0.044025
13 0.419000 0.418239 0.014000 0.031447
13 0.758000 0.421384 0.020000 0.031447
13 0.524000 0.435535 0.024000 0.047170
13 0.553000 0.437107 0.018000 0.037736
13 0.617000 0.435535 0.018000 0.028302
13 0.579000 0.462264 0.022000 0.044025
13 0.236000 0.466981 0.016000 0.028302
13 0.764000 0.477987 0.028000 0.050314
13 0.721000 0.504717 0.030000 0.059748
13 0.400000 0.583333 0.084000 0.179245
13 0.474000 0.525157 0.016000 0.031447
13 0.901000 0.523585 0.022000 0.028302
13 0.306000 0.570755 0.024000 0.040881
13 0.911000 0.592767 0.042000 0.047170
13 0.330000 0.600629 0.016000 0.037736
13 0.471000 0.613208 0.022000 0.069182
13 0.796000 0.597484 0.020000 0.031447
13 0.727000 0.602201 0.022000 0.028302
13 0.820000 0.603774 0.024000 0.031447
13 0.959000 0.605346 0.038000 0.040881
13 0.218000 0.613208 0.016000 0.037736
13 0.285000 0.611635 0.014000 0.034591
13 0.877000 0.608491 0.026000 0.034591
13 0.797000 0.636792 0.026000 0.022013
13 0.686000 0.691824 0.020000 0.031447
13 0.537000 0.756289 0.094000 0.110063
13 0.043000 0.737421 0.018000 0.028302
13 0.173000 0.738994 0.018000 0.025157
13 0.723000 0.757862 0.022000 0.050314
13 0.598000 0.753145 0.024000 0.028302
13 0.481000 0.768868 0.014000 0.022013
13 0.047000 0.783019 0.014000 0.031447
13 0.410000 0.883648 0.088000 0.232704
13 0.238000 0.819182 0.064000 0.084906
13 0.926000 0.794025 0.016000 0.028302
13 0.601000 0.823899 0.058000 0.075472
13 0.830000 0.806604 0.024000 0.028302
13 0.652000 0.822327 0.036000 0.047170
13 0.944000 0.819182 0.016000 0.034591
13 0.538000 0.907233 0.128000 0.185535
13 0.068000 0.834906 0.012000 0.034591
13 0.969000 0.834906 0.030000 0.028302
13 0.091000 0.885220 0.014000 0.028302
13 0.295000 0.935535 0.050000 0.128931
13 0.889000 0.891509 0.050000 0.040881
13 0.687000 0.900943 0.018000 0.047170
13 0.632000 0.949686 0.016000 0.025157
13 0.463000 0.971698 0.022000 0.031447
13 0.141000 0.981132 0.034000 0.037736
13 0.640000 0.985849 0.020000 0.028302