13 0.200000 0.056000 0.026667 0.040000
13 0.181333 0.081000 0.021333 0.014000
13 0.301333 0.089000 0.053333 0.030000
13 0.384000 0.093000 0.032000 0.022000
13 0.354667 0.159000 0.074667 0.042000
13 0.210667 0.173000 0.117333 0.066000
13 0.366667 0.226000 0.024000 0.028000
13 0.430667 0.242000 0.061333 0.044000
13 0.277333 0.403000 0.106667 0.126000
13 0.338667 0.369000 0.058667 0.046000
13 0.429333 0.437000 0.122667 0.146000
13 0.446667 0.397000 0.029333 0.026000
13 0.792000 0.401000 0.032000 0.022000
13 0.790667 0.433000 0.034667 0.026000
13 0.760000 0.469000 0.032000 0.022000
13 0.712000 0.522000 0.042667 0.040000
13 0.424000 0.576000 0.122667 0.136000
13 0.940000 0.537000 0.024000 0.018000
13 0.840000 0.612000 0.021333 0.040000
13 0.916000 0.644000 0.045333 0.080000
13 0.753333 0.627000 0.061333 0.030000
13 0.717333 0.649000 0.021333 0.018000
13 0.744000 0.696000 0.021333 0.012000
13 0.792000 0.702000 0.032000 0.024000
13 0.829333 0.705000 0.032000 0.022000
13 0.816000 0.731000 0.032000 0.030000
13 0.712000 0.799000 0.101333 0.066000
13 0.584000 0.892000 0.016000 0.012000
13 0.510667 0.895000 0.018667 0.014000
13 0.537333 0.898000 0.024000 0.016000
13 0.562667 0.918000 0.016000 0.016000
13 0.512000 0.933000 0.016000 0.022000