13 0.437500 0.187060 0.440000 0.374121
13 0.661250 0.203235 0.462500 0.350211
13 0.756250 0.072433 0.057500 0.063291
13 0.598750 0.175105 0.072500 0.054852
13 0.647500 0.221519 0.075000 0.035162
13 0.587500 0.262307 0.065000 0.037975
13 0.248750 0.388186 0.047500 0.030942
13 0.403750 0.390999 0.042500 0.028129
13 0.170000 0.408579 0.065000 0.029536
13 0.323750 0.428973 0.052500 0.033755
13 0.813750 0.478903 0.167500 0.080169
13 0.273750 0.485935 0.087500 0.049226
13 0.133750 0.500000 0.067500 0.068917
13 0.370000 0.554149 0.215000 0.109705
13 0.757500 0.527426 0.085000 0.056259
13 0.578750 0.524613 0.052500 0.030942
13 0.835000 0.587904 0.175000 0.118143
13 0.022500 0.573840 0.045000 0.036568
13 0.537500 0.579466 0.075000 0.042194
13 0.167500 0.583685 0.055000 0.033755
13 0.597500 0.588608 0.035000 0.046414
13 0.195000 0.727848 0.390000 0.268636
13 0.627500 0.756681 0.575000 0.295359
13 0.123750 0.634318 0.062500 0.030942