12 0.501302 0.021484 0.013021 0.011719
12 0.757161 0.090332 0.024740 0.020508
12 0.330078 0.140137 0.063802 0.069336
12 0.242188 0.196777 0.015625 0.018555
12 0.343099 0.200684 0.016927 0.010742
12 0.723958 0.207031 0.018229 0.013672
12 0.364583 0.260254 0.015625 0.016602
12 0.604167 0.305176 0.052083 0.083008
12 0.522135 0.461426 0.096354 0.063477
12 0.662109 0.621582 0.037760 0.020508
12 0.631510 0.642090 0.031250 0.047852
12 0.593750 0.656738 0.028646 0.024414
12 0.326823 0.675293 0.031250 0.041992
12 0.413411 0.730469 0.084635 0.054688
12 0.335286 0.756836 0.035156 0.029297