13 0.400781 0.343750 0.314063 0.468750
13 0.874219 0.332813 0.239063 0.425000
13 0.188281 0.170313 0.051562 0.034375
13 0.121875 0.221094 0.025000 0.032813
13 0.678125 0.448437 0.206250 0.481250
13 0.126562 0.422656 0.253125 0.342187
13 0.173437 0.287500 0.034375 0.025000
13 0.341406 0.428125 0.145313 0.234375
13 0.336719 0.417969 0.020313 0.023438
13 0.809375 0.578906 0.096875 0.064062
13 0.210156 0.677344 0.245312 0.245312
13 0.200781 0.583594 0.026562 0.026562
13 0.058594 0.670312 0.107813 0.090625
13 0.196875 0.654687 0.021875 0.018750
13 0.049219 0.771094 0.032813 0.054688