13 0.500625 0.186679 0.016250 0.028143
13 0.525625 0.240150 0.018750 0.026266
13 0.783125 0.375235 0.023750 0.037523
13 0.365625 0.373358 0.018750 0.026266
13 0.722500 0.370544 0.012500 0.020638
13 0.337500 0.393058 0.020000 0.043152
13 0.752500 0.393058 0.032500 0.031895
13 0.697500 0.393996 0.020000 0.022514
13 0.388125 0.407129 0.038750 0.037523
13 0.489375 0.399625 0.011250 0.018762
13 0.400000 0.464353 0.065000 0.091932
13 0.685000 0.454972 0.037500 0.065666
13 0.463750 0.445591 0.022500 0.028143
13 0.313125 0.457786 0.023750 0.045028
13 0.585625 0.459662 0.013750 0.018762
13 0.631875 0.469981 0.028750 0.035647
13 0.723750 0.470919 0.017500 0.018762
13 0.365625 0.524390 0.056250 0.095685
13 0.434375 0.497186 0.008750 0.015009
13 0.571875 0.536585 0.038750 0.086304
13 0.728125 0.519700 0.046250 0.052533
13 0.318750 0.506567 0.017500 0.022514
13 0.422500 0.539400 0.015000 0.054409
13 0.666250 0.523452 0.010000 0.015009
13 0.446875 0.534709 0.008750 0.015009
13 0.656875 0.567542 0.033750 0.058161
13 0.602500 0.564728 0.017500 0.033771
13 0.704375 0.576923 0.021250 0.039400
13 0.453750 0.573171 0.012500 0.024390
13 0.366875 0.589118 0.016250 0.018762
13 0.402500 0.599437 0.017500 0.043152
13 0.473750 0.603189 0.017500 0.039400
13 0.593125 0.618199 0.018750 0.016886
13 0.411875 0.640713 0.013750 0.020638
13 0.541875 0.638837 0.011250 0.016886
13 0.466250 0.655722 0.012500 0.016886
13 0.568125 0.655722 0.011250 0.016886
13 0.403750 0.670732 0.017500 0.020638