13 0.069336 0.013021 0.025391 0.026042
13 0.400635 0.023438 0.020996 0.034722
13 0.282715 0.024306 0.023438 0.032986
13 0.185547 0.028212 0.029297 0.035590
13 0.130615 0.024306 0.013184 0.024306
13 0.377441 0.039497 0.032227 0.047743
13 0.230713 0.041667 0.015137 0.032986
13 0.312012 0.083767 0.055664 0.039062
13 0.412842 0.130208 0.040527 0.076389
13 0.470703 0.131510 0.036133 0.058160
13 0.097656 0.114149 0.015625 0.018229
13 0.121582 0.142795 0.015625 0.039062
13 0.398682 0.174045 0.050293 0.082465
13 0.355469 0.164497 0.017578 0.032118
13 0.471924 0.257378 0.055176 0.108507
13 0.420410 0.264323 0.029297 0.040799
13 0.542725 0.263889 0.025879 0.027778
13 0.408203 0.322049 0.031250 0.050347
13 0.468018 0.373264 0.037598 0.059028
13 0.583496 0.361545 0.015625 0.032118
13 0.811523 0.401042 0.022461 0.039931
13 0.315674 0.459635 0.051270 0.068576
13 0.763916 0.482639 0.054199 0.065972
13 0.824707 0.467448 0.010742 0.025174
13 0.906982 0.513455 0.029785 0.065104
13 0.606201 0.534288 0.113770 0.077257
13 0.262939 0.540799 0.041504 0.038194
13 0.459473 0.546441 0.036133 0.047743
13 0.947021 0.555122 0.020020 0.035590
13 0.751465 0.578993 0.052734 0.069444
13 0.181152 0.597222 0.040039 0.055556
13 0.521240 0.669705 0.114746 0.179688
13 0.898193 0.610243 0.096191 0.052083
13 0.988281 0.609809 0.023438 0.052951
13 0.264404 0.648438 0.079590 0.052083
13 0.674805 0.661024 0.030273 0.058160
13 0.806641 0.683160 0.035156 0.086806
13 0.594971 0.669271 0.021973 0.038194
13 0.071777 0.669705 0.017578 0.023438
13 0.408203 0.713976 0.039062 0.068576
13 0.085938 0.709201 0.027344 0.031250
13 0.748047 0.730035 0.048828 0.072917
13 0.657715 0.869358 0.076172 0.151910
13 0.475342 0.821615 0.027832 0.049479
13 0.088135 0.887153 0.020996 0.039931
13 0.974854 0.961372 0.030762 0.063368