12 0.548438 0.186458 0.015625 0.014583
12 0.875000 0.289583 0.015625 0.020833
12 0.845313 0.293750 0.015625 0.016667
12 0.576562 0.364583 0.015625 0.029167
12 0.673438 0.371875 0.018750 0.010417
12 0.614062 0.384375 0.009375 0.018750
12 0.718750 0.406250 0.025000 0.020833
12 0.652344 0.417708 0.020313 0.027083
12 0.554688 0.417708 0.018750 0.018750
12 0.285938 0.453125 0.031250 0.043750
12 0.820312 0.457292 0.018750 0.014583
12 0.158594 0.478125 0.026562 0.035417
12 0.755469 0.477083 0.023438 0.020833
12 0.714844 0.483333 0.014063 0.012500
12 0.692969 0.493750 0.023438 0.008333
12 0.585938 0.514583 0.021875 0.020833
12 0.329688 0.561458 0.015625 0.039583
12 0.175781 0.588542 0.017188 0.018750
12 0.722656 0.691667 0.039062 0.054167
12 0.715625 0.792708 0.037500 0.031250
12 0.300781 0.858333 0.026562 0.025000