14 0.413500 0.194667 0.051000 0.378667
14 0.049000 0.116667 0.012000 0.049333
14 0.062500 0.116667 0.013000 0.028000
14 0.149000 0.240000 0.022000 0.045333
14 0.279000 0.240667 0.012000 0.025333
14 0.087000 0.280000 0.014000 0.034667
14 0.076500 0.300000 0.019000 0.064000
14 0.187500 0.332667 0.027000 0.113333
14 0.240500 0.352000 0.031000 0.021333
14 0.086000 0.403333 0.038000 0.116000
14 0.129500 0.372667 0.019000 0.046667
14 0.966500 0.391333 0.001000 0.001333
14 0.136000 0.409333 0.010000 0.032000
14 0.912000 0.500667 0.106000 0.217333
14 0.392000 0.444667 0.020000 0.076000
14 0.116000 0.434000 0.010000 0.033333
14 0.676500 0.440000 0.033000 0.048000
14 0.707500 0.486000 0.055000 0.124000
14 0.541000 0.457333 0.040000 0.050667
14 0.052500 0.539333 0.027000 0.164000
14 0.114000 0.471333 0.014000 0.017333
14 0.548000 0.484000 0.020000 0.037333
14 0.533000 0.484667 0.028000 0.036000
14 0.024500 0.494000 0.027000 0.038667
14 0.212000 0.555333 0.074000 0.148000
14 0.536500 0.503333 0.001000 0.001333
14 0.075000 0.516667 0.012000 0.025333
14 0.840000 0.544000 0.036000 0.080000
14 0.526000 0.555333 0.038000 0.092000
14 0.291000 0.572667 0.078000 0.081333
14 0.432500 0.628667 0.021000 0.188000
14 0.600000 0.610667 0.060000 0.149333
14 0.816000 0.556000 0.010000 0.029333
14 0.988000 0.600667 0.020000 0.046667
14 0.152500 0.590667 0.011000 0.024000
14 0.665500 0.786667 0.149000 0.413333
14 0.483500 0.628667 0.017000 0.084000
14 0.126500 0.598667 0.021000 0.010667
14 0.797500 0.651333 0.025000 0.086667
14 0.287000 0.702000 0.108000 0.156000
14 0.136500 0.670667 0.041000 0.061333
14 0.773500 0.720000 0.027000 0.098667
14 0.603000 0.723333 0.014000 0.065333
14 0.622000 0.852000 0.070000 0.290667
14 0.920000 0.774667 0.024000 0.077333
14 0.361500 0.819333 0.023000 0.105333
14 0.607500 0.792000 0.015000 0.048000
14 0.070500 0.846667 0.079000 0.144000
14 0.342000 0.846000 0.010000 0.078667
14 0.739000 0.839333 0.046000 0.041333
14 0.548000 0.922000 0.034000 0.156000
14 0.342000 0.904667 0.072000 0.073333
14 0.850500 0.940000 0.075000 0.120000
14 0.348000 0.920000 0.014000 0.045333
14 0.461000 0.951333 0.018000 0.097333
14 0.875500 0.933333 0.041000 0.064000
14 0.108500 0.912667 0.001000 0.001333
14 0.247000 0.957333 0.254000 0.085333
14 0.217500 0.918000 0.001000 0.001333
14 0.189500 0.987333 0.001000 0.001333
14 0.180500 0.990000 0.001000 0.001333