14 0.459096 0.058287 0.098657 0.111364
14 0.811477 0.104526 0.108425 0.195376
14 0.384615 0.039564 0.013187 0.042006
14 0.769597 0.128460 0.014896 0.051775
14 0.739805 0.157115 0.017338 0.053077
14 0.534188 0.220449 0.008547 0.046239
14 0.546032 0.219472 0.014652 0.018235
14 0.472039 0.246174 0.074237 0.053403
14 0.540904 0.252686 0.005372 0.028004
14 0.546154 0.257082 0.004640 0.018561
14 0.298779 0.298274 0.033944 0.049495
14 0.346398 0.303484 0.027595 0.051449
14 0.483028 0.289157 0.007814 0.020189
14 0.362149 0.305275 0.012210 0.028981
14 0.504029 0.315044 0.008303 0.019212
14 0.491331 0.369912 0.007326 0.022143
14 0.344811 0.377239 0.039072 0.031586
14 0.353968 0.373982 0.022222 0.014002
14 0.751893 0.455715 0.052747 0.112341
14 0.551282 0.411755 0.006593 0.017909
14 0.567766 0.411918 0.012210 0.018886
14 0.773871 0.454087 0.035165 0.080430
14 0.548596 0.457017 0.024176 0.076522
14 0.527350 0.447248 0.015873 0.051775
14 0.642735 0.522468 0.011233 0.057636
14 0.671795 0.549821 0.124542 0.077825
14 0.121856 0.562032 0.056654 0.065125
14 0.140904 0.557473 0.043956 0.039075
14 0.419902 0.596386 0.022711 0.107782
14 0.272405 0.556333 0.000244 0.000326
14 0.287424 0.563334 0.028327 0.013676
14 0.340049 0.646858 0.078877 0.118854
14 0.287912 0.596386 0.052259 0.014653
14 0.816484 0.629599 0.023687 0.067405
14 0.294750 0.628460 0.014652 0.047542
14 0.899512 0.620482 0.031013 0.030935
14 0.790965 0.690492 0.034188 0.114295
14 0.302930 0.655161 0.015873 0.035819
14 0.408181 0.698632 0.010012 0.034842
14 0.478632 0.734289 0.064957 0.065125
14 0.495726 0.793064 0.105495 0.163139
14 0.648596 0.829860 0.193895 0.232823
14 0.400122 0.814718 0.032967 0.196679
14 0.585104 0.826929 0.059096 0.083035
14 0.631990 0.799739 0.031258 0.024748
14 0.435653 0.869912 0.015629 0.103224
14 0.695604 0.919245 0.073016 0.156301
14 0.727228 0.909639 0.059096 0.124715
14 0.366056 0.872354 0.033700 0.029306
14 0.555067 0.868772 0.000488 0.000651
14 0.557265 0.899544 0.029304 0.060241
14 0.778999 0.939759 0.051282 0.113318
14 0.391941 0.909476 0.082540 0.044937
14 0.684860 0.946272 0.039316 0.094432
14 0.550794 0.946760 0.000244 0.000326
14 0.551282 0.946434 0.000244 0.000326
14 0.550305 0.947086 0.000244 0.000326
14 0.673504 0.984858 0.058608 0.025073
14 0.643834 0.997558 0.000244 0.000326