14 0.097396 0.177778 0.032292 0.019444
14 0.301042 0.194444 0.035417 0.030556
14 0.170833 0.215278 0.047917 0.033333
14 0.489063 0.214583 0.028125 0.034722
14 0.613542 0.220139 0.033333 0.031944
14 0.671354 0.214583 0.028125 0.023611
14 0.744792 0.227083 0.045833 0.045833
14 0.523958 0.250000 0.035417 0.033333
14 0.717187 0.245139 0.015625 0.018056
14 0.009375 0.277083 0.018750 0.045833
14 0.302083 0.284722 0.035417 0.019444
14 0.182812 0.300694 0.032292 0.015278
14 0.160938 0.337500 0.053125 0.016667
14 0.115104 0.376389 0.032292 0.036111
14 0.277083 0.372222 0.031250 0.022222
14 0.632292 0.431944 0.422917 0.102778
14 0.393750 0.410417 0.020833 0.020833
14 0.044271 0.431250 0.032292 0.026389
14 0.082292 0.429167 0.020833 0.025000
14 0.261979 0.437500 0.032292 0.016667
14 0.197917 0.484722 0.025000 0.022222
14 0.300521 0.502778 0.021875 0.016667