15 0.173370 0.019669 0.066574 0.039337
15 0.425104 0.074534 0.081831 0.053830
15 0.611650 0.092133 0.091540 0.060041
15 0.348128 0.213251 0.252427 0.120083
15 0.832178 0.189441 0.135922 0.068323
15 0.722607 0.216356 0.066574 0.039337
15 0.592926 0.248447 0.145631 0.045549
15 0.857143 0.288820 0.063800 0.051760
15 0.472261 0.389234 0.292649 0.207039
15 0.325936 0.425466 0.088766 0.051760
15 0.219834 0.446170 0.092926 0.039337
15 0.369626 0.645963 0.353675 0.223602
15 0.898752 0.591097 0.074896 0.068323
15 0.430652 0.579710 0.054092 0.033126
15 0.719140 0.649068 0.109570 0.076605
15 0.590846 0.670807 0.055479 0.041408
15 0.901526 0.900621 0.072122 0.041408
15 0.463939 0.963768 0.126214 0.072464
15 0.828710 0.988613 0.070735 0.022774