14 0.591667 0.173684 0.056667 0.347368
14 0.391667 0.118421 0.073333 0.215789
14 0.913333 0.231579 0.040000 0.442105
14 0.689167 0.181579 0.025000 0.310526
14 0.527500 0.257895 0.035000 0.210526
14 0.727500 0.302632 0.048333 0.263158
14 0.060833 0.351316 0.121667 0.123684
14 0.770000 0.488158 0.023333 0.234211
14 0.190833 0.444737 0.115000 0.100000
14 0.557500 0.557895 0.028333 0.242105
14 0.805000 0.575000 0.080000 0.234211
14 0.484167 0.678947 0.081667 0.347368
14 0.239167 0.581579 0.161667 0.131579
14 0.296667 0.781579 0.510000 0.436842
14 0.039167 0.575000 0.001667 0.002632
14 0.700000 0.801316 0.043333 0.397368
14 0.045833 0.619737 0.001667 0.002632
14 0.653333 0.767105 0.043333 0.181579
14 0.489167 0.864474 0.148333 0.223684
14 0.780000 0.839474 0.026667 0.100000
14 0.782500 0.960526 0.025000 0.078947
14 0.743333 0.967105 0.026667 0.065789