14 0.424167 0.156579 0.138333 0.307895
14 0.725000 0.102632 0.056667 0.100000
14 0.670000 0.234211 0.063333 0.152632
14 0.771667 0.389474 0.090000 0.178947
14 0.512500 0.418421 0.055000 0.147368
14 0.460000 0.439474 0.030000 0.142105
14 0.184167 0.709211 0.198333 0.581579
14 0.520000 0.543421 0.050000 0.134211
14 0.869167 0.582895 0.071667 0.060526
14 0.470833 0.740789 0.011667 0.086842
14 0.928333 0.738158 0.140000 0.028947
14 0.940833 0.785526 0.115000 0.028947
14 0.689167 0.793421 0.055000 0.034211
14 0.553333 0.847368 0.040000 0.126316
14 0.419167 0.896053 0.048333 0.207895
14 0.726667 0.831579 0.096667 0.057895
14 0.657500 0.926316 0.248333 0.131579
14 0.965000 0.890789 0.056667 0.039474
14 0.885000 0.917105 0.116667 0.060526