14 0.926923 0.077381 0.112308 0.150000
14 0.071538 0.209524 0.100000 0.109524
14 0.068462 0.255952 0.136923 0.173810
14 0.564615 0.379762 0.046154 0.078571
14 0.346923 0.669048 0.392308 0.638095
14 0.836154 0.392857 0.081538 0.047619
14 0.266154 0.467857 0.181538 0.140476
14 0.810000 0.453571 0.026154 0.035714
14 0.553077 0.554762 0.343077 0.119048
14 0.543846 0.591667 0.035385 0.050000
14 0.162308 0.605952 0.029231 0.059524
14 0.572308 0.796429 0.156923 0.407143
14 0.482308 0.721429 0.050769 0.095238