14 0.356771 0.079167 0.073958 0.158333
14 0.463021 0.082639 0.036458 0.045833
14 0.422396 0.095833 0.015625 0.061111
14 0.196354 0.179861 0.044792 0.156944
14 0.282292 0.496528 0.131250 0.615278
14 0.797396 0.244444 0.019792 0.111111
14 0.737500 0.420139 0.385417 0.412500
14 0.777604 0.238194 0.011458 0.020833
14 0.765104 0.283333 0.015625 0.036111
14 0.787500 0.309028 0.010417 0.062500
14 0.226042 0.338889 0.039583 0.041667
14 0.626563 0.420139 0.196875 0.206944
14 0.896354 0.408333 0.057292 0.147222
14 0.430208 0.384028 0.110417 0.095833
14 0.181250 0.388889 0.060417 0.077778
14 0.180729 0.575694 0.078125 0.331944
14 0.090625 0.525694 0.022917 0.115278
14 0.943229 0.585417 0.076042 0.056944
14 0.550521 0.607639 0.046875 0.062500
14 0.635417 0.622222 0.050000 0.030556
14 0.383854 0.629167 0.061458 0.038889
14 0.624479 0.652083 0.078125 0.037500
14 0.695312 0.757639 0.192708 0.245833
14 0.452083 0.695833 0.035417 0.077778
14 0.226562 0.868056 0.065625 0.250000
14 0.465104 0.821528 0.157292 0.145833
14 0.404167 0.786806 0.058333 0.048611
14 0.407292 0.850694 0.114583 0.076389
14 0.569271 0.863194 0.040625 0.084722
14 0.944792 0.952083 0.100000 0.081944
14 0.514062 0.961806 0.103125 0.076389
14 0.290625 0.957639 0.016667 0.054167