14 0.123438 0.195780 0.059375 0.028136
14 0.290625 0.267292 0.046875 0.056272
14 0.431250 0.522274 0.262500 0.313013
14 0.262500 0.491794 0.078125 0.050410
14 0.367188 0.515240 0.031250 0.062134
14 0.246094 0.594959 0.107813 0.097304
14 0.282031 0.586166 0.079687 0.058617
14 0.024219 0.691090 0.001563 0.001172
14 0.055469 0.735639 0.085938 0.087925
14 0.282813 0.782532 0.275000 0.106682
14 0.046094 0.822392 0.064062 0.101993
14 0.613281 0.875733 0.064062 0.077374
14 0.713281 0.964830 0.095312 0.070340