14 0.187500 0.149472 0.025000 0.097304
14 0.465625 0.222157 0.056250 0.111372
14 0.258594 0.189918 0.060937 0.035170
14 0.025000 0.278429 0.050000 0.101993
14 0.612500 0.321805 0.175000 0.097304
14 0.197656 0.429074 0.076563 0.304807
14 0.376563 0.330012 0.028125 0.064478
14 0.452344 0.439625 0.129688 0.159437
14 0.439063 0.529308 0.228125 0.296600
14 0.367188 0.532825 0.134375 0.240328
14 0.102344 0.521102 0.073438 0.141852
14 0.717969 0.561547 0.098437 0.021102
14 0.810156 0.576202 0.060937 0.029308
14 0.035156 0.597304 0.064062 0.069168
14 0.481250 0.632474 0.096875 0.104338
14 0.507031 0.676436 0.210938 0.168816
14 0.612500 0.685229 0.068750 0.078546
14 0.607031 0.748535 0.085938 0.141852
14 0.339062 0.737397 0.050000 0.096131
14 0.184375 0.756741 0.112500 0.026964
14 0.746094 0.790739 0.079687 0.050410
14 0.674219 0.791325 0.073438 0.049238
14 0.367969 0.852286 0.076563 0.133646
14 0.304688 0.848769 0.043750 0.096131
14 0.285156 0.833529 0.032813 0.032825
14 0.778125 0.848769 0.093750 0.044549
14 0.045312 0.888628 0.090625 0.063306
14 0.368750 0.916764 0.025000 0.028136
14 0.466406 0.931419 0.057813 0.050410
14 0.373437 0.959555 0.131250 0.073857
14 0.543750 0.970106 0.178125 0.057444
14 0.177344 0.977140 0.160938 0.041032