15 0.037250 0.081667 0.074500 0.162000
15 0.095750 0.000333 0.000500 0.000667
15 0.207750 0.158333 0.221500 0.315333
15 0.387500 0.289667 0.202000 0.579333
15 0.590750 0.113333 0.175500 0.226667
15 0.675250 0.093333 0.066500 0.186667
15 0.860500 0.007667 0.048000 0.015333
15 0.947500 0.078333 0.105000 0.156667
15 0.496500 0.048333 0.024000 0.068667
15 0.718500 0.085667 0.037000 0.142000
15 0.303500 0.048667 0.033000 0.061333
15 0.840250 0.112667 0.054500 0.168000
15 0.781750 0.220000 0.030500 0.184000
15 0.538000 0.147000 0.009000 0.023333
15 0.753000 0.287667 0.020000 0.051333
15 0.869500 0.354333 0.077000 0.066000
15 0.938500 0.387333 0.044000 0.049333
15 0.423750 0.673667 0.096500 0.607333
15 0.875250 0.405333 0.062500 0.032000
15 0.531250 0.578333 0.081500 0.176667
15 0.093750 0.731333 0.070500 0.433333
15 0.723000 0.624667 0.054000 0.220000