14 0.502000 0.134069 0.032000 0.242902
14 0.078000 0.230284 0.056000 0.353312
14 0.365000 0.223975 0.046000 0.233438
14 0.295000 0.402208 0.038000 0.179811
14 0.707000 0.417981 0.050000 0.059937
14 0.220000 0.561514 0.040000 0.170347
14 0.347000 0.624606 0.034000 0.252366
14 0.502000 0.668770 0.044000 0.315457
14 0.754000 0.572555 0.064000 0.110410
14 0.416000 0.772871 0.040000 0.429022
14 0.178000 0.720820 0.092000 0.268139
14 0.283000 0.752366 0.066000 0.268139
14 0.547000 0.763407 0.046000 0.214511
14 0.576000 0.834385 0.076000 0.261830
14 0.663000 0.858044 0.142000 0.283912
14 0.485000 0.916404 0.034000 0.129338