15 0.317500 0.008333 0.022500 0.016667
15 0.465625 0.502500 0.363750 0.995000
15 0.854375 0.049167 0.026250 0.085000
15 0.258125 0.032500 0.023750 0.035000
15 0.337500 0.058333 0.025000 0.043333
15 0.205000 0.061667 0.020000 0.033333
15 0.231250 0.105000 0.020000 0.033333
15 0.288750 0.111667 0.025000 0.030000
15 0.199375 0.210000 0.023750 0.060000
15 0.273125 0.222500 0.026250 0.045000
15 0.155000 0.245833 0.025000 0.055000
15 0.719375 0.287500 0.021250 0.061667
15 0.881250 0.365000 0.045000 0.083333
15 0.186875 0.362500 0.021250 0.041667
15 0.771250 0.414167 0.027500 0.068333
15 0.824375 0.407500 0.036250 0.055000
15 0.151875 0.414167 0.023750 0.048333
15 0.940625 0.510833 0.096250 0.158333
15 0.185000 0.478333 0.025000 0.050000
15 0.836875 0.545000 0.056250 0.103333