14 0.512945 0.027569 0.074434 0.050125
14 0.554207 0.001253 0.001618 0.002506
14 0.865696 0.225564 0.265372 0.451128
14 0.424757 0.070175 0.053398 0.120301
14 0.637540 0.199248 0.064725 0.172932
14 0.565534 0.204261 0.033981 0.077694
14 0.095469 0.269424 0.187702 0.197995
14 0.421521 0.266917 0.101942 0.182957
14 0.769417 0.322055 0.072816 0.177945
14 0.038835 0.392231 0.077670 0.228070
14 0.084951 0.380952 0.105178 0.195489
14 0.906149 0.349624 0.045307 0.067669
14 0.817152 0.426065 0.067961 0.145363
14 0.746764 0.684211 0.072816 0.576441
14 0.638350 0.412281 0.021036 0.022556
14 0.835761 0.487469 0.082524 0.172932
14 0.651294 0.687970 0.153722 0.538847
14 0.066343 0.647870 0.116505 0.203008
14 0.300971 0.700501 0.045307 0.147870
14 0.411812 0.809524 0.033981 0.365915
14 0.328479 0.738095 0.016181 0.122807
14 0.368123 0.913534 0.017799 0.172932
14 0.335761 0.952381 0.014563 0.095238