15 0.627930 0.086798 0.130859 0.115244
15 0.937500 0.101386 0.019531 0.039387
15 0.466553 0.161926 0.158691 0.119621
15 0.852783 0.176878 0.086426 0.120350
15 0.710693 0.136761 0.031738 0.037199
15 0.681396 0.301605 0.137207 0.171408
15 0.545166 0.274617 0.023926 0.034282
15 0.463135 0.311087 0.028809 0.040117
15 0.407715 0.567469 0.393555 0.418673
15 0.715088 0.428155 0.133301 0.100656
15 0.114258 0.506565 0.028320 0.067834
15 0.705811 0.580233 0.052246 0.086798
15 0.066895 0.663020 0.032227 0.058352
15 0.479004 0.706054 0.042969 0.055434
15 0.746338 0.725018 0.038574 0.040846
15 0.131836 0.806710 0.083008 0.179431
15 0.522461 0.783735 0.068359 0.038658
15 0.720703 0.803063 0.033203 0.029176
15 0.218994 0.864333 0.067871 0.072939