14 0.666026 0.476442 0.667949 0.518269
14 0.310897 0.539423 0.614103 0.638462
14 0.999359 0.237981 0.001282 0.000962
14 0.831410 0.365865 0.001282 0.000962
14 0.999359 0.371635 0.001282 0.000962
14 0.610897 0.460096 0.001282 0.000962
14 0.427564 0.519712 0.047436 0.033654
14 0.526923 0.520673 0.002564 0.000962
14 0.522436 0.521635 0.001282 0.000962
14 0.544231 0.589904 0.001282 0.000962
14 0.451923 0.691827 0.001282 0.000962
14 0.473718 0.787500 0.234615 0.153846
14 0.340385 0.724519 0.001282 0.000962
14 0.336538 0.725481 0.001282 0.000962
14 0.294872 0.793750 0.053846 0.029808
14 0.311538 0.879808 0.141026 0.086538
14 0.121795 0.935577 0.241026 0.117308
14 0.564744 0.955288 0.178205 0.083654