14 0.340000 0.444527 0.352000 0.838757
14 0.717000 0.085059 0.066000 0.063609
14 0.614000 0.233728 0.096000 0.127219
14 0.115000 0.267012 0.130000 0.134615
14 0.839000 0.285503 0.062000 0.115385
14 0.507000 0.343935 0.214000 0.158284
14 0.066000 0.379438 0.092000 0.028107
14 0.734000 0.389053 0.084000 0.038462
14 0.651000 0.411243 0.038000 0.053254
14 0.486000 0.519231 0.108000 0.094675
14 0.016000 0.547337 0.032000 0.136095
14 0.782000 0.579142 0.192000 0.161243
14 0.028000 0.670858 0.056000 0.137574
14 0.489000 0.667899 0.058000 0.075444
14 0.416000 0.727811 0.116000 0.097633
14 0.445000 0.832840 0.034000 0.035503
14 0.569000 0.842456 0.086000 0.054734
14 0.644000 0.912722 0.072000 0.162722
14 0.548000 0.873521 0.052000 0.057692
14 0.744000 0.899408 0.076000 0.109467
14 0.517000 0.874260 0.058000 0.026627
14 0.336000 0.934172 0.064000 0.072485