14 0.862500 0.103333 0.270000 0.206667
14 0.465000 0.043333 0.130000 0.073333
14 0.363750 0.040000 0.052500 0.046667
14 0.276250 0.303333 0.552500 0.506667
14 0.543750 0.160000 0.207500 0.186667
14 0.661250 0.260000 0.022500 0.013333
14 0.676250 0.268333 0.002500 0.003333
14 0.633750 0.326667 0.607500 0.073333
14 0.323750 0.305000 0.002500 0.003333
14 0.326250 0.325000 0.002500 0.003333
14 0.620000 0.408333 0.265000 0.036667
14 0.565000 0.471667 0.220000 0.036667
14 0.962500 0.591667 0.075000 0.043333
14 0.448750 0.706667 0.712500 0.246667
14 0.506250 0.843333 0.257500 0.306667
14 0.853750 0.833333 0.287500 0.240000