14 0.429375 0.139063 0.053750 0.271875
14 0.027500 0.296875 0.045000 0.256250
14 0.082500 0.237500 0.025000 0.112500
14 0.588750 0.279687 0.027500 0.078125
14 0.087500 0.312500 0.015000 0.068750
14 0.397500 0.425000 0.025000 0.243750
14 0.743125 0.381250 0.041250 0.118750
14 0.062500 0.367188 0.010000 0.078125
14 0.778125 0.475000 0.063750 0.268750
14 0.578125 0.420312 0.051250 0.115625
14 0.643125 0.506250 0.026250 0.187500
14 0.573750 0.489063 0.025000 0.071875
14 0.208125 0.568750 0.026250 0.181250
14 0.556875 0.651563 0.038750 0.215625
14 0.306875 0.585938 0.008750 0.059375
14 0.446875 0.784375 0.028750 0.431250
14 0.648125 0.773438 0.071250 0.359375
14 0.298750 0.648438 0.015000 0.059375
14 0.280000 0.721875 0.075000 0.156250
14 0.170625 0.734375 0.068750 0.150000
14 0.509375 0.801562 0.018750 0.184375
14 0.077500 0.740625 0.035000 0.050000
14 0.700625 0.875000 0.123750 0.243750
14 0.229375 0.839063 0.048750 0.084375
14 0.286875 0.887500 0.066250 0.168750
14 0.090625 0.892188 0.048750 0.134375
14 0.861250 0.953125 0.022500 0.093750