14 0.111000 0.162000 0.142000 0.316000
14 0.455000 0.123000 0.050000 0.058000
14 0.055000 0.413000 0.066000 0.210000
14 0.753000 0.381000 0.074000 0.078000
14 0.823000 0.454000 0.130000 0.196000
14 0.434000 0.461000 0.036000 0.042000
14 0.379000 0.576000 0.078000 0.144000
14 0.160000 0.693000 0.064000 0.318000
14 0.563000 0.687000 0.162000 0.306000
14 0.281000 0.682000 0.034000 0.144000
14 0.693000 0.630000 0.034000 0.044000
14 0.674000 0.709000 0.068000 0.094000
14 0.426000 0.726000 0.104000 0.120000
14 0.613000 0.877000 0.174000 0.162000
14 0.749000 0.923000 0.106000 0.154000
14 0.361000 0.913000 0.066000 0.110000