14 0.260417 0.038281 0.033333 0.073438
14 0.347917 0.427344 0.683333 0.851562
14 0.569792 0.117188 0.110417 0.056250
14 0.788542 0.161719 0.047917 0.145313
14 0.652083 0.122656 0.045833 0.051562
14 0.352083 0.390625 0.070833 0.096875
14 0.661458 0.422656 0.118750 0.148438
14 0.659375 0.575000 0.060417 0.190625
14 0.834375 0.595313 0.214583 0.065625
14 0.269792 0.657031 0.135417 0.126562
14 0.813542 0.710156 0.210417 0.164062
14 0.129167 0.780469 0.100000 0.192188
14 0.692708 0.688281 0.002083 0.001563
14 0.591667 0.744531 0.091667 0.092188
14 0.662500 0.785937 0.062500 0.128125
14 0.775000 0.865625 0.179167 0.259375
14 0.322917 0.825000 0.050000 0.128125
14 0.396875 0.812500 0.052083 0.075000
14 0.073958 0.848437 0.147917 0.071875
14 0.655208 0.896094 0.047917 0.064062
14 0.919792 0.880469 0.152083 0.029687
14 0.963542 0.951562 0.064583 0.093750