14 0.385000 0.051051 0.046000 0.069069
14 0.408000 0.149399 0.052000 0.124625
14 0.334000 0.300300 0.136000 0.282282
14 0.383000 0.391892 0.250000 0.348348
14 0.546000 0.315315 0.048000 0.147147
14 0.076000 0.370120 0.060000 0.100601
14 0.779000 0.552553 0.126000 0.339339
14 0.683000 0.409910 0.038000 0.039039
14 0.107000 0.448198 0.098000 0.058559
14 0.703000 0.463213 0.022000 0.073574
14 0.486000 0.454204 0.024000 0.034535
14 0.551000 0.482733 0.074000 0.049550
14 0.604000 0.593844 0.028000 0.049550
14 0.386000 0.718468 0.092000 0.241742
14 0.580000 0.798048 0.080000 0.391892
14 0.126000 0.721471 0.252000 0.067568
14 0.780000 0.769520 0.048000 0.154655
14 0.474000 0.800300 0.080000 0.165165
14 0.453000 0.813063 0.086000 0.184685
14 0.325000 0.771021 0.026000 0.079580
14 0.108000 0.873123 0.104000 0.049550