14 0.614754 0.155738 0.125683 0.125683
14 0.565574 0.310109 0.595628 0.226776
14 0.872951 0.228142 0.002732 0.002732
14 0.821038 0.312842 0.002732 0.002732
14 0.954918 0.352459 0.090164 0.032787
14 0.260929 0.424863 0.008197 0.002732
14 0.234973 0.430328 0.005464 0.002732
14 0.247268 0.427596 0.008197 0.002732
14 0.215847 0.434426 0.016393 0.005464
14 0.483607 0.487705 0.748634 0.090164
14 0.173497 0.569672 0.177596 0.040984
14 0.200820 0.684426 0.319672 0.161202
14 0.643443 0.632514 0.221311 0.051913
14 0.543716 0.670765 0.076503 0.024590
14 0.586066 0.657104 0.002732 0.002732
14 0.702186 0.710383 0.595628 0.092896
14 0.310109 0.715847 0.122951 0.027322
14 0.243169 0.730874 0.005464 0.002732
14 0.356557 0.774590 0.696721 0.090164
14 0.882514 0.770492 0.180328 0.049180
14 0.709016 0.788251 0.002732 0.002732
14 0.760929 0.818306 0.122951 0.030055
14 0.128415 0.844262 0.125683 0.027322
14 0.912568 0.863388 0.169399 0.038251
14 0.403005 0.928962 0.527322 0.142077