14 0.525879 0.322917 0.038086 0.028646
14 0.554199 0.354818 0.034180 0.019531
14 0.627441 0.430339 0.020508 0.016927
14 0.772461 0.457682 0.035156 0.022135
14 0.786621 0.509115 0.030273 0.028646
14 0.509766 0.533854 0.375000 0.062500
14 0.933105 0.555339 0.034180 0.014323
14 0.614746 0.591146 0.059570 0.070312
14 0.465332 0.591797 0.030273 0.016927
14 0.490723 0.623698 0.026367 0.020833
14 0.781250 0.639323 0.025391 0.015625
14 0.079590 0.867839 0.106445 0.238281
14 0.382324 0.798828 0.034180 0.063802
14 0.432129 0.881510 0.063477 0.138021