19 0.737500 0.078889 0.081667 0.140000
19 0.276667 0.126667 0.063333 0.133333
19 0.394167 0.096667 0.025000 0.028889
19 0.619167 0.114444 0.045000 0.060000
19 0.395000 0.204444 0.073333 0.075556
19 0.821667 0.237778 0.066667 0.128889
19 0.270000 0.250000 0.036667 0.060000
19 0.485833 0.237778 0.018333 0.031111
19 0.603333 0.264444 0.043333 0.048889
19 0.412500 0.306667 0.041667 0.057778
19 0.280833 0.371111 0.095000 0.160000
19 0.170000 0.366667 0.050000 0.062222
19 0.583333 0.392222 0.030000 0.060000
19 0.670833 0.423333 0.051667 0.113333
19 0.460833 0.476667 0.028333 0.046667
19 0.413333 0.510000 0.030000 0.051111
19 0.817500 0.518889 0.041667 0.055556
19 0.494167 0.521111 0.031667 0.046667
19 0.526667 0.566667 0.030000 0.044444
19 0.839167 0.590000 0.041667 0.060000
19 0.189167 0.655556 0.055000 0.142222
19 0.637500 0.623333 0.101667 0.082222
19 0.800000 0.643333 0.073333 0.051111
19 0.385000 0.733333 0.036667 0.053333
19 0.467500 0.726667 0.021667 0.040000
19 0.591667 0.737778 0.033333 0.053333
19 0.680000 0.735556 0.030000 0.044444
19 0.431667 0.771111 0.030000 0.040000
19 0.503333 0.782222 0.036667 0.048889
19 0.380833 0.826667 0.035000 0.044444