17 0.273000 0.039578 0.198000 0.079156
17 0.563000 0.036939 0.258000 0.058047
17 0.409000 0.032982 0.030000 0.029024
17 0.217000 0.120053 0.178000 0.118734
17 0.647000 0.098945 0.014000 0.013193
17 0.727000 0.102902 0.026000 0.026385
17 0.112000 0.143799 0.036000 0.039578
17 0.699000 0.145119 0.022000 0.036939
17 0.702000 0.218997 0.024000 0.036939
17 0.816000 0.251979 0.024000 0.029024
17 0.437000 0.333773 0.046000 0.065963
17 0.654000 0.350923 0.024000 0.021108
17 0.737000 0.397098 0.210000 0.097625
17 0.802000 0.555409 0.156000 0.308707
17 0.400000 0.478892 0.044000 0.076517
17 0.712000 0.621372 0.012000 0.023747
17 0.259000 0.633245 0.014000 0.015831
17 0.679000 0.641161 0.010000 0.021108
17 0.734000 0.645119 0.008000 0.029024
17 0.941000 0.708443 0.102000 0.060686
17 0.832000 0.718997 0.092000 0.071240
17 0.667000 0.821900 0.154000 0.250660
17 0.887000 0.740106 0.002000 0.002639
17 0.373000 0.837731 0.050000 0.108179
17 0.251000 0.798153 0.014000 0.018470
17 0.556000 0.811346 0.032000 0.039578
17 0.254000 0.841689 0.016000 0.031662
17 0.488000 0.872032 0.032000 0.034301
17 0.258000 0.879947 0.040000 0.034301
17 0.451000 0.894459 0.026000 0.058047
17 0.492000 0.963061 0.032000 0.021108
17 0.635000 0.974934 0.042000 0.044855
17 0.426000 0.984169 0.044000 0.021108
17 0.451000 0.996042 0.002000 0.002639