17 0.341750 0.061634 0.094500 0.123269
17 0.744750 0.015928 0.010500 0.022161
17 0.778250 0.032548 0.011500 0.023546
17 0.741250 0.049861 0.018500 0.020776
17 0.637250 0.100416 0.023500 0.105263
17 0.742250 0.072022 0.011500 0.018006
17 0.816000 0.084488 0.012000 0.012465
17 0.738000 0.112188 0.028000 0.013850
17 0.663500 0.268352 0.191000 0.292936
17 0.318750 0.170706 0.030500 0.072715
17 0.539000 0.308172 0.099000 0.328255
17 0.773000 0.189404 0.019000 0.049169
17 0.279000 0.268006 0.170000 0.177285
17 0.431000 0.252078 0.045000 0.060942
17 0.370500 0.265235 0.030000 0.052632
17 0.476000 0.253809 0.024000 0.024238
17 0.508250 0.316482 0.042500 0.087258
17 0.961500 0.321676 0.022000 0.027008
17 0.193000 0.355956 0.035000 0.034626
17 0.765500 0.381233 0.046000 0.079640
17 0.400750 0.438019 0.122500 0.176593
17 0.255500 0.371191 0.022000 0.027701
17 0.075000 0.444945 0.046000 0.072715
17 0.930500 0.428324 0.039000 0.018698
17 0.727750 0.452562 0.016500 0.032548
17 0.666250 0.472992 0.035500 0.033241
17 0.250000 0.528740 0.047000 0.060249
17 0.345250 0.516274 0.014500 0.020083
17 0.754500 0.531510 0.046000 0.038089
17 0.216500 0.540166 0.019000 0.013850
17 0.442750 0.607687 0.132500 0.141967
17 0.188250 0.572368 0.081500 0.054709
17 0.644000 0.572715 0.034000 0.026316
17 0.517000 0.660665 0.048000 0.142659
17 0.370750 0.651316 0.042500 0.060249
17 0.252750 0.672091 0.034500 0.049169
17 0.237000 0.722992 0.039000 0.038781
17 0.375750 0.737535 0.039500 0.042936
17 0.516500 0.758310 0.010000 0.030471
17 0.688500 0.765928 0.016000 0.019391
17 0.491250 0.775970 0.027500 0.035319
17 0.714500 0.803670 0.021000 0.021468
17 0.453250 0.857687 0.031500 0.056094
17 0.541500 0.906163 0.067000 0.094875
17 0.472000 0.894391 0.008000 0.022853
17 0.444000 0.945291 0.064000 0.108033
17 0.638250 0.921053 0.019500 0.031856
17 0.247500 0.926593 0.033000 0.041551
17 0.728000 0.981994 0.033000 0.033241