19 0.785937 0.267692 0.026875 0.015385
19 0.754687 0.277692 0.020625 0.020000
19 0.823438 0.273846 0.014375 0.010769
19 0.845625 0.283462 0.016250 0.006923
19 0.799375 0.288462 0.017500 0.010769
19 0.232500 0.296923 0.023750 0.013846
19 0.128438 0.307308 0.029375 0.030000
19 0.823125 0.313462 0.050000 0.026923
19 0.202187 0.308462 0.013125 0.012308
19 0.790937 0.323846 0.056875 0.026154
19 0.776563 0.351923 0.020625 0.010000
19 0.216875 0.361154 0.013750 0.014615
19 0.226562 0.376538 0.016875 0.013077
19 0.850313 0.570769 0.299375 0.344615