19 0.677551 0.101538 0.138776 0.080000
19 0.608163 0.126154 0.204082 0.104615
19 0.112245 0.200000 0.220408 0.209231
19 0.763265 0.129231 0.016327 0.024615
19 0.397959 0.332308 0.232653 0.301538
19 0.736735 0.203077 0.012245 0.024615
19 0.186735 0.470769 0.222449 0.338462
19 0.794898 0.447692 0.181633 0.280000
19 0.020408 0.510769 0.040816 0.172308
19 0.866327 0.776923 0.238776 0.347692
19 0.574490 0.643077 0.022449 0.024615
19 0.552041 0.660000 0.014286 0.027692
19 0.493878 0.660000 0.016327 0.015385
19 0.546939 0.781538 0.191837 0.190769