18 0.357290 0.034646 0.168378 0.066142
18 0.569815 0.038583 0.149897 0.077165
18 0.710472 0.044882 0.065708 0.080315
18 0.670431 0.211024 0.108830 0.255118
18 0.404517 0.202362 0.246407 0.212598
18 0.543121 0.144882 0.055441 0.091339
18 0.565708 0.335433 0.059548 0.081890
18 0.717659 0.358268 0.051335 0.102362
18 0.285421 0.425197 0.123203 0.163780
18 0.457906 0.401575 0.073922 0.062992
18 0.568789 0.422835 0.061602 0.083465
18 0.764887 0.493701 0.059548 0.061417
18 0.528747 0.551181 0.112936 0.144882
18 0.799795 0.588189 0.084189 0.080315
18 0.326489 0.649606 0.078029 0.130709
18 0.530801 0.739370 0.088296 0.092913
18 0.385010 0.808661 0.117043 0.133858
18 0.564682 0.896063 0.065708 0.125984
18 0.832649 0.943307 0.084189 0.103937
18 0.467146 0.950394 0.084189 0.099213