19 0.596702 0.333000 0.023988 0.022000
19 0.605697 0.366000 0.026987 0.024000
19 0.568216 0.391000 0.026987 0.018000
19 0.631934 0.393000 0.022489 0.022000
19 0.685907 0.414000 0.016492 0.024000
19 0.506747 0.412000 0.017991 0.016000
19 0.428036 0.420000 0.052474 0.016000
19 0.294603 0.442000 0.037481 0.040000
19 0.386057 0.451000 0.055472 0.050000
19 0.505247 0.444000 0.047976 0.036000
19 0.624438 0.425000 0.001499 0.002000
19 0.649175 0.458000 0.044978 0.064000
19 0.457271 0.429000 0.002999 0.002000
19 0.583208 0.444000 0.026987 0.020000
19 0.745877 0.461000 0.022489 0.042000
19 0.721889 0.481000 0.022489 0.050000
19 0.502249 0.477000 0.020990 0.022000
19 0.547976 0.484000 0.037481 0.024000
19 0.599700 0.491000 0.020990 0.022000
19 0.383058 0.537000 0.040480 0.046000
19 0.691904 0.519000 0.016492 0.014000
19 0.345577 0.615000 0.049475 0.074000