17 0.337500 0.282946 0.451667 0.565891
17 0.655833 0.188630 0.181667 0.201550
17 0.734167 0.120155 0.035000 0.054264
17 0.880000 0.346253 0.166667 0.242894
17 0.560833 0.545220 0.308333 0.620155
17 0.117500 0.291990 0.048333 0.056848
17 0.700000 0.337209 0.056667 0.049096
17 0.768333 0.350129 0.043333 0.043928
17 0.313333 0.664083 0.250000 0.475452
17 0.458333 0.488372 0.050000 0.093023
17 0.905000 0.556848 0.103333 0.147287
17 0.918333 0.692506 0.046667 0.056848
17 0.843333 0.726098 0.043333 0.072351
17 0.718333 0.931525 0.156667 0.126615
17 0.581667 0.980620 0.046667 0.033592