18 0.689375 0.156667 0.043750 0.110000
18 0.105625 0.195833 0.148750 0.128333
18 0.491875 0.405833 0.116250 0.258333
18 0.570625 0.336667 0.051250 0.090000
18 0.249375 0.359167 0.073750 0.125000
18 0.340625 0.465833 0.116250 0.178333
18 0.261875 0.413333 0.031250 0.060000
18 0.724375 0.624167 0.096250 0.215000
18 0.058750 0.636667 0.117500 0.186667
18 0.578125 0.787500 0.081250 0.135000
18 0.850625 0.802500 0.076250 0.125000
18 0.773750 0.872500 0.052500 0.081667
18 0.510625 0.922500 0.093750 0.155000