19 0.731250 0.313333 0.067500 0.073333
19 0.573750 0.323333 0.022500 0.040000
19 0.472500 0.380000 0.050000 0.053333
19 0.532500 0.390000 0.025000 0.046667
19 0.570000 0.383333 0.020000 0.020000
19 0.265000 0.406667 0.015000 0.033333
19 0.616250 0.463333 0.022500 0.040000
19 0.328750 0.473333 0.012500 0.020000
19 0.797500 0.483333 0.025000 0.040000
19 0.597500 0.560000 0.025000 0.033333
19 0.731250 0.563333 0.032500 0.040000
19 0.367500 0.816667 0.030000 0.033333
19 0.556250 0.915000 0.017500 0.023333