19 0.641406 0.352469 0.020313 0.013580
19 0.396875 0.380247 0.056250 0.019753
19 0.289062 0.433951 0.090625 0.070370
19 0.710938 0.406790 0.009375 0.006173
19 0.694531 0.409259 0.014063 0.008642
19 0.583594 0.420370 0.017188 0.013580
19 0.640625 0.445679 0.018750 0.019753
19 0.604688 0.467284 0.018750 0.025926
19 0.678906 0.466667 0.014063 0.012346
19 0.634375 0.482716 0.015625 0.012346
19 0.525781 0.498148 0.014063 0.013580
19 0.497656 0.503086 0.014063 0.016049
19 0.469531 0.509259 0.014063 0.008642
19 0.560156 0.515432 0.017188 0.011111
19 0.478906 0.522840 0.017188 0.011111