17 0.829688 0.238372 0.018750 0.020930
17 0.276562 0.277907 0.028125 0.067442
17 0.314063 0.275581 0.034375 0.053488
17 0.742969 0.272093 0.017188 0.041860
17 0.596094 0.330233 0.035937 0.051163
17 0.685156 0.315116 0.017188 0.020930
17 0.258594 0.334884 0.017188 0.027907
17 0.353125 0.373256 0.018750 0.053488
17 0.410938 0.370930 0.025000 0.053488
17 0.261719 0.398837 0.032813 0.062791
17 0.452344 0.400000 0.020313 0.065116
17 0.768750 0.418605 0.034375 0.055814
17 0.708594 0.456977 0.029687 0.076744
17 0.456250 0.469767 0.040625 0.041860
17 0.205469 0.479070 0.029687 0.037209
17 0.283594 0.500000 0.057813 0.079070
17 0.382031 0.477907 0.010937 0.025581
17 0.605469 0.517442 0.142187 0.095349
17 0.410938 0.495349 0.018750 0.027907
17 0.370312 0.533721 0.046875 0.058140
17 0.808594 0.529070 0.023438 0.025581
17 0.239844 0.540698 0.023438 0.025581
17 0.439844 0.552326 0.014063 0.016279
17 0.792969 0.569767 0.026562 0.027907
17 0.250781 0.612791 0.042188 0.039535
17 0.407813 0.615116 0.046875 0.039535
17 0.273438 0.612791 0.025000 0.020930