19 0.380000 0.330137 0.484000 0.627397
19 0.745000 0.267123 0.014000 0.019178
19 0.680000 0.284932 0.024000 0.038356
19 0.743000 0.402740 0.202000 0.208219
19 0.888000 0.487671 0.092000 0.120548
19 0.718000 0.586301 0.148000 0.104110
19 0.180000 0.586301 0.012000 0.021918
19 0.891000 0.626027 0.010000 0.019178
19 0.367000 0.702740 0.158000 0.123288
19 0.460000 0.758904 0.024000 0.038356
19 0.896000 0.791781 0.052000 0.082192
19 0.976000 0.813699 0.044000 0.093151
19 0.170000 0.813699 0.016000 0.038356
19 0.045000 0.884932 0.038000 0.032877
19 0.120000 0.908219 0.024000 0.041096
19 0.149000 0.926027 0.010000 0.016438
19 0.129000 0.954795 0.018000 0.019178