18 0.475000 0.205625 0.091667 0.181250
18 0.049167 0.219375 0.070000 0.116250
18 0.196667 0.353750 0.160000 0.305000
18 0.049583 0.400000 0.079167 0.172500
18 0.485000 0.690625 0.236667 0.481250
18 0.126250 0.635625 0.114167 0.148750
18 0.332500 0.590000 0.056667 0.045000
18 0.249167 0.742500 0.138333 0.130000
18 0.065417 0.708125 0.042500 0.048750
18 0.678333 0.847500 0.223333 0.302500
18 0.116250 0.718750 0.054167 0.042500
18 0.415417 0.782500 0.079167 0.102500
18 0.340833 0.880625 0.165000 0.238750