19 0.612500 0.384439 0.031250 0.027460
19 0.623437 0.426773 0.031250 0.029748
19 0.581250 0.448513 0.028125 0.032037
19 0.652344 0.458810 0.029687 0.034325
19 0.518750 0.474828 0.021875 0.020595
19 0.711719 0.475973 0.017188 0.022883
19 0.505469 0.486270 0.001563 0.002288
19 0.671094 0.526316 0.045312 0.077803
19 0.269531 0.503432 0.026562 0.022883
19 0.382812 0.522883 0.059375 0.057208
19 0.516406 0.514874 0.051562 0.041190
19 0.599219 0.514874 0.029687 0.022883
19 0.778125 0.537757 0.025000 0.059497
19 0.290625 0.527460 0.021875 0.020595
19 0.751563 0.554920 0.028125 0.048055
19 0.510938 0.551487 0.015625 0.013730
19 0.563281 0.560641 0.039062 0.027460
19 0.380469 0.632723 0.039062 0.048055
19 0.338281 0.726545 0.048438 0.075515