17 0.302344 0.462500 0.554688 0.925000
17 0.667188 0.187500 0.212500 0.232692
17 0.760156 0.111538 0.045312 0.069231
17 0.885156 0.276923 0.145313 0.115385
17 0.496094 0.613462 0.510938 0.765385
17 0.726562 0.348077 0.068750 0.053846
17 0.800781 0.353846 0.042188 0.053846
17 0.920312 0.407692 0.156250 0.150000
17 0.944531 0.578846 0.110937 0.169231
17 0.885156 0.745192 0.064062 0.082692
17 0.961719 0.724038 0.042188 0.036538
17 0.420312 0.940385 0.053125 0.119231
17 0.747656 0.950000 0.189062 0.100000