18 0.349868 0.307416 0.308201 0.545387
18 0.540840 0.330729 0.028108 0.019097
18 0.520172 0.386905 0.080688 0.108631
18 0.792328 0.546627 0.415344 0.367560
18 0.223876 0.443452 0.089947 0.059524
18 0.128803 0.514137 0.087632 0.115079
18 0.164683 0.698909 0.203042 0.215774
18 0.440311 0.720858 0.141204 0.149058
18 0.326554 0.720238 0.043320 0.035218
18 0.287533 0.732515 0.024140 0.032986
18 0.245536 0.773313 0.039352 0.055060
18 0.388062 0.752852 0.000331 0.000248
18 0.386739 0.753100 0.000331 0.000248
18 0.912368 0.885789 0.170635 0.223462