19 0.340000 0.086066 0.080000 0.030055
19 0.533333 0.234973 0.128889 0.180328
19 0.624444 0.199454 0.040000 0.054645
19 0.283333 0.213115 0.037778 0.043716
19 0.628889 0.243169 0.017778 0.027322
19 0.444444 0.293716 0.035556 0.051913
19 0.253333 0.386612 0.128889 0.128415
19 0.108889 0.409836 0.075556 0.065574
19 0.350000 0.397541 0.024444 0.024590
19 0.140000 0.513661 0.026667 0.043716
19 0.602222 0.524590 0.026667 0.038251
19 0.213333 0.557377 0.066667 0.092896
19 0.526667 0.644809 0.111111 0.087432
19 0.272222 0.662568 0.068889 0.112022