17 0.553623 0.019305 0.072464 0.038610
17 0.268116 0.022201 0.017391 0.032819
17 0.319565 0.105212 0.097101 0.167954
17 0.213043 0.038610 0.023188 0.030888
17 0.539130 0.080116 0.066667 0.067568
17 0.692029 0.084942 0.027536 0.050193
17 0.258696 0.086873 0.027536 0.046332
17 0.630435 0.137066 0.028986 0.054054
17 0.240580 0.151544 0.040580 0.059846
17 0.566667 0.146718 0.017391 0.023166
17 0.464493 0.188224 0.056522 0.059846
17 0.676087 0.182432 0.033333 0.036680
17 0.513043 0.216216 0.031884 0.034749
17 0.658696 0.244208 0.036232 0.059846
17 0.447101 0.246139 0.021739 0.025097
17 0.872464 0.256757 0.028986 0.030888
17 0.423913 0.276062 0.018841 0.034749
17 0.602174 0.279923 0.027536 0.038610
17 0.033333 0.316602 0.046377 0.100386
17 0.228986 0.294402 0.023188 0.028958
17 0.465942 0.289575 0.015942 0.015444
17 0.889855 0.293436 0.014493 0.023166
17 0.839130 0.352317 0.046377 0.098456
17 0.442029 0.333977 0.052174 0.046332
17 0.492029 0.336873 0.024638 0.036680
17 0.076812 0.362934 0.026087 0.077220
17 0.897101 0.353282 0.014493 0.038610
17 0.213043 0.364865 0.031884 0.046332
17 0.671739 0.385135 0.047826 0.025097
17 0.352899 0.448842 0.082609 0.148649
17 0.566667 0.419884 0.101449 0.083012
17 0.400000 0.404440 0.014493 0.021236
17 0.100725 0.417954 0.021739 0.040541
17 0.870290 0.421815 0.024638 0.040541
17 0.506522 0.433398 0.044928 0.055985
17 0.438406 0.477799 0.071014 0.067568
17 0.837681 0.460425 0.023188 0.032819
17 0.918116 0.466216 0.030435 0.036680
17 0.750725 0.463320 0.020290 0.023166
17 0.544928 0.473938 0.020290 0.032819
17 0.085507 0.526062 0.028986 0.048263
17 0.727536 0.525097 0.017391 0.034749
17 0.910870 0.531853 0.062319 0.048263
17 0.487681 0.550193 0.033333 0.042471
17 0.763768 0.540541 0.023188 0.023166
17 0.836957 0.558880 0.044928 0.059846
17 0.317391 0.572394 0.046377 0.063707
17 0.262319 0.571429 0.023188 0.042471
17 0.745652 0.581081 0.039130 0.050193
17 0.390580 0.598456 0.039130 0.057915
17 0.879710 0.603282 0.028986 0.071429
17 0.673913 0.590734 0.026087 0.027027
17 0.201449 0.616795 0.055072 0.059846
17 0.273188 0.647683 0.033333 0.052124
17 0.731159 0.643822 0.015942 0.021236
17 0.131884 0.656371 0.017391 0.027027
17 0.200000 0.682432 0.023188 0.040541
17 0.054348 0.718147 0.044928 0.065637
17 0.161594 0.744208 0.065217 0.075290
17 0.559420 0.722973 0.026087 0.021236
17 0.788406 0.791506 0.159420 0.135135
17 0.089855 0.751931 0.026087 0.032819
17 0.562319 0.773166 0.043478 0.040541
17 0.103623 0.805019 0.073913 0.088803
17 0.055797 0.796332 0.050725 0.059846
17 0.976087 0.793436 0.030435 0.034749
17 0.566667 0.833977 0.026087 0.046332
17 0.452174 0.853282 0.049275 0.050193
17 0.947101 0.853282 0.027536 0.050193
17 0.391304 0.869691 0.034783 0.071429
17 0.869565 0.858108 0.037681 0.036680
17 0.676812 0.899614 0.060870 0.046332
17 0.948551 0.929537 0.050725 0.079151
17 0.307246 0.932432 0.078261 0.069498
17 0.695652 0.954633 0.043478 0.048263
17 0.486957 0.972008 0.037681 0.055985