18 0.175187 0.072277 0.063823 0.136634
18 0.256920 0.094554 0.056659 0.152475
18 0.488115 0.114851 0.112667 0.154455
18 0.669652 0.141337 0.096711 0.180693
18 0.350537 0.152228 0.022468 0.069802
18 0.874796 0.237871 0.120808 0.231188
18 0.390101 0.224505 0.059264 0.165842
18 0.548356 0.199010 0.035168 0.101980
18 0.332465 0.471782 0.063823 0.626733
18 0.083198 0.241832 0.043308 0.154950
18 0.209052 0.263366 0.083360 0.161386
18 0.155487 0.288366 0.039401 0.125248
18 0.501791 0.364851 0.043634 0.269307
18 0.579779 0.317822 0.064800 0.173267
18 0.115109 0.294554 0.028981 0.109901
18 0.722403 0.329208 0.068056 0.167327
18 0.107620 0.385396 0.040052 0.146040
18 0.131716 0.507178 0.055031 0.224257
18 0.392218 0.470050 0.032888 0.142079
18 0.737219 0.563366 0.160208 0.300000
18 0.552100 0.557426 0.055682 0.215842
18 0.164604 0.592822 0.037447 0.121287
18 0.827092 0.710396 0.061869 0.300000
18 0.521980 0.837871 0.076848 0.321287
18 0.267665 0.849752 0.034516 0.156931
18 0.219961 0.924010 0.051123 0.148020