19 0.575000 0.207386 0.174000 0.204545
19 0.669000 0.224432 0.086000 0.159091
19 0.373000 0.234375 0.062000 0.144886
19 0.558000 0.365057 0.040000 0.139205
19 0.311000 0.386364 0.130000 0.153409
19 0.562000 0.437500 0.200000 0.255682
19 0.172000 0.376420 0.088000 0.105114
19 0.072000 0.461648 0.044000 0.088068
19 0.708000 0.524148 0.116000 0.127841
19 0.395000 0.590909 0.046000 0.090909
19 0.683000 0.696023 0.094000 0.119318
19 0.512000 0.715909 0.168000 0.130682
19 0.135000 0.772727 0.050000 0.090909
19 0.486000 0.845170 0.040000 0.082386
19 0.347000 0.862216 0.070000 0.059659
19 0.582000 0.914773 0.052000 0.085227
19 0.148000 0.936080 0.056000 0.088068