19 0.602000 0.108000 0.401333 0.216000
19 0.918667 0.164000 0.146667 0.308000
19 0.500000 0.549000 0.640000 0.902000
19 0.362667 0.237000 0.013333 0.026000
19 0.394667 0.267000 0.042667 0.038000
19 0.296667 0.276000 0.014667 0.020000
19 0.219333 0.395000 0.030667 0.038000
19 0.400667 0.441000 0.030667 0.050000
19 0.364000 0.481000 0.048000 0.086000
19 0.243333 0.501000 0.009333 0.018000
19 0.319333 0.518000 0.014667 0.016000
19 0.260000 0.545000 0.008000 0.014000
19 0.809333 0.843000 0.250667 0.314000