19 0.556667 0.228947 0.270000 0.278947
19 0.710833 0.168421 0.075000 0.136842
19 0.439167 0.311842 0.288333 0.207895
19 0.729167 0.421053 0.088333 0.321053
19 0.158333 0.394737 0.143333 0.105263
19 0.396667 0.510526 0.126667 0.194737
19 0.898333 0.485526 0.066667 0.144737
19 0.579167 0.448684 0.035000 0.044737
19 0.560000 0.535526 0.020000 0.023684
19 0.825000 0.614474 0.116667 0.113158
19 0.941667 0.623684 0.093333 0.105263
19 0.550833 0.613158 0.015000 0.026316
19 0.287500 0.635526 0.035000 0.039474
19 0.794167 0.789474 0.261667 0.347368
19 0.353333 0.732895 0.080000 0.113158
19 0.956667 0.851316 0.086667 0.286842
19 0.258333 0.743421 0.020000 0.060526
19 0.493333 0.746053 0.053333 0.044737
19 0.190000 0.780263 0.030000 0.055263
19 0.090000 0.777632 0.026667 0.039474
19 0.364167 0.801316 0.021667 0.034211
19 0.398333 0.823684 0.026667 0.042105
19 0.580833 0.831579 0.048333 0.052632
19 0.523333 0.932895 0.030000 0.050000