19 0.523333 0.355938 0.018333 0.014375
19 0.843333 0.389062 0.020000 0.014375
19 0.321250 0.495937 0.135833 0.088125
19 0.773750 0.462813 0.015833 0.015625
19 0.735000 0.470938 0.011667 0.016875
19 0.773750 0.492812 0.027500 0.019375
19 0.425417 0.494375 0.035833 0.017500
19 0.696250 0.513437 0.017500 0.023125
19 0.426250 0.526250 0.045833 0.020000
19 0.710000 0.534375 0.013333 0.011250
19 0.396667 0.564063 0.075000 0.056875
19 0.466667 0.562187 0.036667 0.019375
19 0.750417 0.568750 0.012500 0.016250
19 0.213333 0.607500 0.025000 0.017500
19 0.633333 0.741875 0.045000 0.016250
19 0.665833 0.781875 0.028333 0.023750
19 0.290833 0.791562 0.028333 0.016875
19 0.462917 0.799687 0.020833 0.020625
19 0.726667 0.832812 0.031667 0.029375
19 0.465833 0.844688 0.076667 0.045625
19 0.426667 0.895312 0.035000 0.025625