17 0.068401 0.095016 0.136802 0.190031
17 0.493256 0.024922 0.050096 0.049844
17 0.699422 0.034268 0.057803 0.062305
17 0.641618 0.062305 0.026975 0.062305
17 0.470135 0.141745 0.038536 0.052960
17 0.814066 0.213396 0.071291 0.133956
17 0.211946 0.241433 0.131021 0.177570
17 0.358382 0.250779 0.030829 0.052960
17 0.415222 0.253894 0.001927 0.003115
17 0.421002 0.285047 0.048170 0.059190
17 0.121387 0.345794 0.042389 0.049844
17 0.982659 0.359813 0.034682 0.046729
17 0.908478 0.397196 0.059730 0.090343
17 0.844894 0.414330 0.059730 0.087227
17 0.567437 0.440810 0.028902 0.084112
17 0.953757 0.451713 0.026975 0.062305
17 0.403661 0.487539 0.048170 0.115265
17 0.886320 0.496885 0.030829 0.052960
17 0.094412 0.529595 0.057803 0.087227
17 0.401734 0.619938 0.136802 0.112150
17 0.972062 0.607477 0.055877 0.068536
17 0.693642 0.666667 0.050096 0.161994
17 0.375723 0.721184 0.038536 0.059190
17 0.019268 0.760125 0.038536 0.093458
17 0.943160 0.771028 0.040462 0.077882
17 0.456647 0.778816 0.042389 0.068536
17 0.394990 0.820872 0.057803 0.071651
17 0.658960 0.890966 0.281310 0.211838
17 0.249518 0.886293 0.090559 0.127726
17 0.337187 0.901869 0.030829 0.071651
17 0.868015 0.909657 0.040462 0.056075
17 0.179191 0.940810 0.057803 0.068536
17 0.368015 0.973520 0.030829 0.046729