19 0.574219 0.505275 0.023438 0.009379
19 0.457031 0.518757 0.029687 0.017585
19 0.299219 0.551583 0.048438 0.041032
19 0.591406 0.562134 0.032813 0.033998
19 0.450000 0.602579 0.046875 0.042204
19 0.371094 0.594959 0.014063 0.008206
19 0.376563 0.631301 0.028125 0.010551
19 0.447656 0.640094 0.023438 0.011723
19 0.364063 0.647128 0.012500 0.007034
19 0.300000 0.652989 0.018750 0.011723
19 0.374219 0.674091 0.010937 0.007034
19 0.618750 0.701055 0.043750 0.058617
19 0.467187 0.731536 0.015625 0.016413