17 0.201000 0.033528 0.054000 0.067055
17 0.637000 0.078717 0.110000 0.157434
17 0.712000 0.110787 0.252000 0.215743
17 0.923000 0.027697 0.026000 0.032070
17 0.866000 0.061224 0.036000 0.075802
17 0.359000 0.055394 0.030000 0.052478
17 0.300000 0.080175 0.036000 0.061224
17 0.426000 0.090379 0.052000 0.046647
17 0.912000 0.083090 0.020000 0.037901
17 0.953000 0.122449 0.042000 0.064140
17 0.291000 0.120991 0.002000 0.002915
17 0.378000 0.142857 0.032000 0.052478
17 0.335000 0.243440 0.198000 0.241983
17 0.694000 0.348397 0.328000 0.306122
17 0.798000 0.247813 0.124000 0.087464
17 0.707000 0.244898 0.018000 0.029155
17 0.467000 0.335277 0.062000 0.163265
17 0.199000 0.338192 0.042000 0.034985
17 0.169000 0.393586 0.066000 0.069971
17 0.249000 0.383382 0.022000 0.037901
17 0.498000 0.628280 0.388000 0.387755
17 0.583000 0.481050 0.078000 0.081633
17 0.922000 0.545190 0.080000 0.151603
17 0.174000 0.508746 0.080000 0.067055
17 0.260000 0.488338 0.016000 0.026239
17 0.706000 0.565598 0.100000 0.180758
17 0.224000 0.521866 0.016000 0.017493
17 0.236000 0.655977 0.016000 0.023324
17 0.485000 0.666181 0.046000 0.049563
17 0.208000 0.693878 0.028000 0.034985
17 0.454000 0.718659 0.016000 0.032070
17 0.791000 0.800292 0.030000 0.061224
17 0.580000 0.890671 0.184000 0.218659
17 0.302000 0.830904 0.028000 0.034985
17 0.758000 0.873178 0.044000 0.061224
17 0.377000 0.947522 0.038000 0.058309
17 0.428000 0.979592 0.024000 0.034985