17 0.637500 0.242778 0.070000 0.103333
17 0.148750 0.216111 0.022500 0.036667
17 0.645833 0.348889 0.061667 0.088889
17 0.500417 0.351667 0.070833 0.087778
17 0.133333 0.363889 0.033333 0.067778
17 0.586250 0.429444 0.062500 0.090000
17 0.498750 0.427778 0.109167 0.077778
17 0.142917 0.490000 0.037500 0.060000
17 0.619167 0.516111 0.123333 0.081111
17 0.619583 0.613333 0.025833 0.055556
17 0.376667 0.642222 0.033333 0.053333
17 0.267917 0.705000 0.045833 0.083333
17 0.452500 0.846667 0.053333 0.086667