17 0.144852 0.025761 0.045375 0.051522
17 0.418848 0.377049 0.837696 0.754098
17 0.047993 0.048009 0.019197 0.025761
17 0.967714 0.059719 0.054101 0.053864
17 0.131763 0.052693 0.012216 0.016393
17 0.169284 0.096019 0.031414 0.032787
17 0.010471 0.135831 0.020942 0.060890
17 0.143979 0.151054 0.040140 0.049180
17 0.057592 0.272834 0.041885 0.067916
17 0.836824 0.332553 0.026178 0.056206
17 0.046248 0.358314 0.015707 0.032787
17 0.939791 0.408665 0.033159 0.044496
17 0.009599 0.414520 0.019197 0.032787
17 0.977312 0.497658 0.045375 0.105386
17 0.778360 0.585480 0.045375 0.084309
17 0.623037 0.615925 0.020942 0.032787
17 0.824607 0.725995 0.054101 0.093677
17 0.594241 0.791569 0.095986 0.210773
17 0.339442 0.768150 0.043630 0.032787
17 0.227749 0.851288 0.172775 0.170960
17 0.681501 0.843091 0.061082 0.159251
17 0.392670 0.811475 0.017452 0.044496
17 0.506108 0.839578 0.055846 0.086651
17 0.350785 0.839578 0.024433 0.063232
17 0.788831 0.887588 0.059337 0.135831
17 0.416230 0.892272 0.026178 0.056206
17 0.383944 0.927400 0.034904 0.032787
17 0.705061 0.937939 0.024433 0.053864
17 0.416230 0.948478 0.033159 0.028103
17 0.342059 0.985948 0.027923 0.028103