17 0.409167 0.016667 0.051667 0.033333
17 0.481667 0.011458 0.033333 0.022917
17 0.352500 0.059375 0.038333 0.052083
17 0.550000 0.080208 0.030000 0.056250
17 0.287500 0.159375 0.028333 0.031250
17 0.370000 0.189583 0.036667 0.058333
17 0.871667 0.230208 0.066667 0.043750
17 0.278333 0.223958 0.036667 0.022917
17 0.534167 0.288542 0.025000 0.052083
17 0.390000 0.292708 0.043333 0.043750
17 0.258333 0.288542 0.026667 0.022917
17 0.875000 0.345833 0.106667 0.095833
17 0.388333 0.370833 0.093333 0.120833
17 0.634167 0.346875 0.048333 0.027083
17 0.290000 0.377083 0.033333 0.058333
17 0.195000 0.381250 0.023333 0.041667
17 0.163333 0.421875 0.026667 0.035417
17 0.684167 0.464583 0.048333 0.041667
17 0.165000 0.490625 0.020000 0.031250
17 0.963333 0.507292 0.056667 0.064583
17 0.108333 0.515625 0.040000 0.052083
17 0.326667 0.512500 0.036667 0.033333
17 0.268333 0.556250 0.080000 0.100000
17 0.357500 0.532292 0.025000 0.022917
17 0.561667 0.544792 0.043333 0.022917
17 0.927500 0.618750 0.098333 0.104167
17 0.111667 0.592708 0.033333 0.027083
17 0.794167 0.633333 0.045000 0.058333
17 0.710000 0.718750 0.066667 0.062500
17 0.365000 0.858333 0.046667 0.054167
17 0.721667 0.889583 0.023333 0.037500
17 0.626667 0.961458 0.033333 0.027083
17 0.310000 0.982292 0.026667 0.027083