17 0.714000 0.018717 0.052000 0.037433
17 0.480000 0.036096 0.064000 0.050802
17 0.397000 0.053476 0.042000 0.032086
17 0.771000 0.060160 0.030000 0.040107
17 0.535000 0.538770 0.750000 0.868984
17 0.740000 0.131016 0.056000 0.032086
17 0.967000 0.136364 0.018000 0.026738
17 0.722000 0.219251 0.236000 0.133690
17 0.028000 0.320856 0.036000 0.064171
17 0.846000 0.351604 0.028000 0.056150
17 0.060000 0.467914 0.104000 0.171123
17 0.151000 0.475936 0.014000 0.058824
17 0.101000 0.784759 0.190000 0.312834
17 0.220000 0.855615 0.012000 0.021390
17 0.180000 0.958556 0.060000 0.082888
17 0.300000 0.951872 0.044000 0.064171