19 0.593846 0.326190 0.024615 0.028571
19 0.602308 0.369048 0.029231 0.023810
19 0.566923 0.391667 0.029231 0.030952
19 0.629231 0.401190 0.024615 0.030952
19 0.684615 0.421429 0.018462 0.038095
19 0.506154 0.421429 0.024615 0.019048
19 0.286154 0.445238 0.030769 0.028571
19 0.640000 0.450000 0.027692 0.033333
19 0.505385 0.458333 0.047692 0.040476
19 0.579231 0.457143 0.029231 0.033333
19 0.385385 0.467857 0.056923 0.050000
19 0.744615 0.476190 0.021538 0.047619
19 0.720000 0.491667 0.024615 0.054762
19 0.657692 0.492857 0.032308 0.033333
19 0.545385 0.504762 0.038462 0.028571
19 0.346154 0.654762 0.040000 0.061905