19 0.888889 0.511285 0.210648 0.072917
19 0.673032 0.545139 0.151620 0.069444
19 0.469329 0.562934 0.079861 0.058160
19 0.355324 0.555122 0.083333 0.025174
19 0.824653 0.606337 0.144676 0.120660
19 0.433449 0.591580 0.021991 0.013021
19 0.379630 0.610243 0.076389 0.027778
19 0.596065 0.655816 0.101852 0.061632
19 0.363426 0.662760 0.067130 0.025174
19 0.379051 0.701823 0.045139 0.046007
19 0.752894 0.761719 0.098380 0.068576
19 0.850694 0.835069 0.293981 0.206597
19 0.523148 0.773438 0.136574 0.059028
19 0.614005 0.867188 0.218750 0.192708