17 0.555700 0.080677 0.015635 0.015936
17 0.593160 0.108068 0.012378 0.014940
17 0.580130 0.141932 0.012378 0.012948
17 0.590554 0.187749 0.025407 0.034861
17 0.618241 0.207171 0.035179 0.053785
17 0.608143 0.283865 0.044951 0.107570
17 0.874267 0.286355 0.015635 0.038845
17 0.546580 0.301793 0.029967 0.023904
17 0.727036 0.313745 0.039088 0.037849
17 0.919870 0.310757 0.037785 0.031873
17 0.541368 0.352092 0.007818 0.008964
17 0.567101 0.350598 0.011075 0.007968
17 0.690228 0.353586 0.009772 0.011952
17 0.941368 0.359562 0.015635 0.019920
17 0.754072 0.356076 0.013681 0.010956
17 0.650163 0.372510 0.024756 0.039841
17 0.838436 0.373506 0.016938 0.035857
17 0.384039 0.369024 0.018893 0.020916
17 0.967101 0.367032 0.009772 0.016932
17 0.604560 0.390438 0.016938 0.027888
17 0.527036 0.384960 0.018241 0.010956
17 0.965147 0.411853 0.029316 0.054781
17 0.382085 0.418327 0.063192 0.061753
17 0.836156 0.407371 0.025407 0.029880
17 0.426710 0.415339 0.013029 0.019920
17 0.579805 0.411355 0.011726 0.013944
17 0.871336 0.417829 0.020195 0.026892
17 0.514332 0.420319 0.013681 0.007968
17 0.551140 0.432271 0.022150 0.013944
17 0.510098 0.439741 0.016938 0.014940
17 0.913681 0.439741 0.014984 0.014940
17 0.899349 0.443725 0.008469 0.010956
17 0.486319 0.455179 0.017590 0.023904
17 0.862541 0.452689 0.015635 0.018924
17 0.394463 0.482072 0.055375 0.051793
17 0.513681 0.461653 0.014984 0.010956
17 0.553420 0.473606 0.009772 0.010956
17 0.661238 0.490538 0.027362 0.024900
17 0.535179 0.486554 0.008469 0.006972
17 0.636482 0.510956 0.053420 0.055777
17 0.938436 0.496514 0.016287 0.012948
17 0.545277 0.499502 0.013029 0.014940
17 0.425407 0.497510 0.003909 0.006972
17 0.576221 0.509960 0.014984 0.031873
17 0.459283 0.524402 0.013029 0.042829
17 0.350163 0.524900 0.016287 0.035857
17 0.929316 0.520916 0.007166 0.007968
17 0.620195 0.526394 0.019544 0.016932
17 0.548534 0.529382 0.005212 0.008964
17 0.921824 0.528884 0.006515 0.009960
17 0.414984 0.535857 0.006515 0.011952
17 0.573290 0.541335 0.023453 0.020916
17 0.899349 0.534861 0.008469 0.009960
17 0.500651 0.541335 0.009772 0.018924
17 0.315309 0.559761 0.039088 0.051793
17 0.526710 0.555279 0.012378 0.024900
17 0.376873 0.555777 0.026710 0.023904
17 0.446580 0.577191 0.024104 0.054781
17 0.976547 0.569721 0.014332 0.021912
17 0.331270 0.572709 0.022801 0.015936
17 0.541694 0.622012 0.043648 0.078685
17 0.652117 0.602092 0.020847 0.032869
17 0.376547 0.624502 0.027362 0.049801
17 0.441042 0.623506 0.011726 0.021912
17 0.429316 0.655876 0.029967 0.052789
17 0.462866 0.688247 0.033225 0.061753
17 0.540717 0.712649 0.033876 0.064741
17 0.364821 0.697211 0.006515 0.015936
17 0.509121 0.719124 0.009772 0.021912
17 0.483388 0.732570 0.016938 0.024900
17 0.521498 0.756474 0.011075 0.020916
17 0.536156 0.789343 0.027362 0.044821
17 0.584039 0.819721 0.060586 0.071713