19 0.527379 0.126459 0.230769 0.252918
19 0.908083 0.125486 0.160365 0.250973
19 0.089309 0.053502 0.053455 0.079767
19 0.124511 0.295720 0.191656 0.303502
19 0.668188 0.338521 0.113429 0.229572
19 0.737288 0.507782 0.272490 0.350195
19 0.492177 0.552529 0.222947 0.420233
19 0.795306 0.593385 0.302477 0.459144
19 0.262712 0.550584 0.162973 0.307393
19 0.036506 0.505837 0.073012 0.159533
19 0.979791 0.679961 0.037810 0.110895
19 0.618644 0.777237 0.019557 0.025292
19 0.473272 0.830739 0.080834 0.081712