17 0.411409 0.097684 0.218792 0.118832
17 0.458389 0.194361 0.017450 0.028197
17 0.384564 0.231621 0.167785 0.100705
17 0.436242 0.312689 0.220134 0.117825
17 0.034899 0.374119 0.069799 0.117825
17 0.665772 0.475327 0.531544 0.209466
17 0.524161 0.549849 0.122148 0.066465
17 0.319463 0.603726 0.252349 0.164149
17 0.193960 0.542800 0.017450 0.014099
17 0.469799 0.629406 0.142282 0.116818
17 0.887919 0.681772 0.224161 0.157100
17 0.578523 0.669688 0.158389 0.094663
17 0.722819 0.688822 0.106040 0.040282
17 0.222148 0.847936 0.444295 0.304129
17 0.510738 0.735146 0.092617 0.072508
17 0.819463 0.750252 0.097987 0.052367
17 0.744966 0.857503 0.131544 0.099698
17 0.690604 0.822759 0.014765 0.018127
17 0.891275 0.913394 0.144966 0.140987