19 0.411302 0.496781 0.393419 0.993562
19 0.616595 0.039700 0.022890 0.075107
19 0.720315 0.039700 0.050072 0.066524
19 0.768956 0.036481 0.030043 0.055794
19 0.761087 0.080472 0.022890 0.036481
19 0.771817 0.113734 0.024320 0.030043
19 0.661660 0.131974 0.015737 0.023605
19 0.808298 0.159871 0.022890 0.032189
19 0.684549 0.186695 0.018598 0.030043
19 0.594421 0.239270 0.087268 0.105150
19 0.683834 0.242489 0.020029 0.021459
19 0.708870 0.258584 0.015737 0.019313
19 0.193848 0.309013 0.061516 0.111588
19 0.829757 0.277897 0.031474 0.023605
19 0.881259 0.297210 0.020029 0.027897
19 0.580830 0.336910 0.062947 0.068670
19 0.785408 0.343348 0.037196 0.064378
19 0.670959 0.363734 0.048641 0.036481
19 0.731044 0.389485 0.020029 0.032189
19 0.129471 0.419528 0.070100 0.083691
19 0.663090 0.422747 0.032904 0.042918
19 0.777539 0.472103 0.064378 0.094421
19 0.683834 0.472103 0.040057 0.042918
19 0.722461 0.527897 0.020029 0.025751
19 0.266094 0.615880 0.022890 0.051502
19 0.911302 0.631974 0.031474 0.075107
19 0.864807 0.675966 0.012876 0.051502
19 0.934907 0.751073 0.050072 0.094421
19 0.117310 0.771459 0.114449 0.122318