17 0.252500 0.039474 0.061667 0.078947
17 0.748333 0.138158 0.043333 0.050000
17 0.433333 0.181579 0.080000 0.131579
17 0.245833 0.148684 0.031667 0.044737
17 0.233333 0.369737 0.053333 0.107895
17 0.020000 0.405263 0.040000 0.110526
17 0.506667 0.386842 0.053333 0.068421
17 0.458333 0.548684 0.120000 0.260526
17 0.591667 0.653947 0.036667 0.128947
17 0.251667 0.675000 0.070000 0.102632
17 0.734167 0.763158 0.111667 0.105263
17 0.424167 0.886842 0.058333 0.121053
17 0.195833 0.930263 0.065000 0.128947
17 0.772500 0.934211 0.055000 0.131579
17 0.953333 0.955263 0.026667 0.052632