17 0.498148 0.114344 0.366667 0.228687
17 0.133796 0.104871 0.184259 0.161028
17 0.705556 0.196888 0.016667 0.020298
17 0.658333 0.232747 0.009259 0.024357
17 0.612037 0.301759 0.057407 0.156969
17 0.666204 0.253045 0.045370 0.059540
17 0.694444 0.249662 0.018519 0.020298
17 0.674537 0.322057 0.069444 0.067659
17 0.528704 0.313938 0.024074 0.021651
17 0.474074 0.332206 0.027778 0.020298
17 0.743056 0.344384 0.013889 0.031123
17 0.587963 0.682679 0.707407 0.634641
17 0.884722 0.413396 0.043519 0.058187
17 0.759722 0.410014 0.030556 0.024357
17 0.792130 0.414073 0.017593 0.024357
17 0.666204 0.438430 0.017593 0.027064
17 0.823611 0.464141 0.028704 0.037889
17 0.167593 0.467524 0.018519 0.014885
17 0.743519 0.479026 0.025926 0.035183
17 0.188889 0.474966 0.011111 0.018945
17 0.231019 0.489175 0.013889 0.025710
17 0.265278 0.504060 0.030556 0.025710
17 0.143981 0.505413 0.023148 0.023004
17 0.177315 0.509472 0.017593 0.017591
17 0.201852 0.512855 0.016667 0.018945
17 0.681481 0.537889 0.033333 0.033829
17 0.782407 0.576455 0.046296 0.108254
17 0.142593 0.537889 0.014815 0.023004
17 0.201852 0.568336 0.012963 0.013532
17 0.234259 0.566982 0.014815 0.013532
17 0.156944 0.585250 0.060185 0.033829
17 0.222685 0.600812 0.017593 0.024357
17 0.820833 0.621110 0.036111 0.032476
17 0.216667 0.649526 0.061111 0.075778
17 0.166667 0.718539 0.022222 0.035183
17 0.218056 0.723275 0.036111 0.041949
17 0.120370 0.802436 0.024074 0.021651
17 0.152778 0.839648 0.031481 0.060893
17 0.168056 0.897158 0.015741 0.027064
17 0.201389 0.935047 0.034259 0.059540
17 0.235185 0.972260 0.027778 0.025710