17 0.741000 0.125333 0.062000 0.042667
17 0.056000 0.138667 0.080000 0.064000
17 0.691000 0.138667 0.022000 0.042667
17 0.827000 0.205333 0.062000 0.064000
17 0.388000 0.292000 0.092000 0.157333
17 0.646000 0.346667 0.116000 0.128000
17 0.499000 0.337333 0.050000 0.082667
17 0.516000 0.417333 0.116000 0.157333
17 0.633000 0.452000 0.074000 0.141333
17 0.074000 0.466667 0.040000 0.053333
17 0.297000 0.464000 0.062000 0.042667
17 0.293000 0.653333 0.262000 0.410667
17 0.863000 0.485333 0.050000 0.069333
17 0.715000 0.729333 0.274000 0.258667
17 0.933000 0.740000 0.134000 0.178667
17 0.471000 0.688000 0.026000 0.048000
17 0.465000 0.757333 0.022000 0.037333
17 0.727000 0.908000 0.102000 0.178667
17 0.064000 0.858667 0.032000 0.058667
17 0.637000 0.933333 0.074000 0.122667