19 0.352000 0.084708 0.348000 0.169415
19 0.886000 0.033733 0.088000 0.067466
19 0.945000 0.041229 0.040000 0.076462
19 0.731500 0.044228 0.025000 0.037481
19 0.937000 0.149925 0.096000 0.146927
19 0.871500 0.161169 0.023000 0.031484
19 0.236500 0.170165 0.019000 0.019490
19 0.291500 0.206147 0.037000 0.028486
19 0.862500 0.209145 0.029000 0.031484
19 0.918000 0.210645 0.056000 0.031484
19 0.632000 0.589955 0.570000 0.706147
19 0.309500 0.321589 0.023000 0.028486
19 0.112500 0.485757 0.225000 0.314843
19 0.406500 0.865067 0.249000 0.269865