17 0.570833 0.019737 0.028333 0.034211
17 0.340000 0.059211 0.056667 0.102632
17 0.497500 0.150000 0.041667 0.084211
17 0.242500 0.182895 0.001667 0.002632
17 0.209167 0.206579 0.061667 0.044737
17 0.555833 0.276316 0.035000 0.047368
17 0.390000 0.343421 0.060000 0.102632
17 0.468333 0.356579 0.086667 0.044737
17 0.636667 0.427632 0.030000 0.055263
17 0.038333 0.476316 0.073333 0.094737
17 0.585000 0.476316 0.040000 0.078947
17 0.405833 0.498684 0.045000 0.097368
17 0.673333 0.476316 0.026667 0.042105
17 0.262500 0.550000 0.228333 0.184211
17 0.372500 0.602632 0.031667 0.031579
17 0.314167 0.648684 0.108333 0.065789
17 0.137500 0.772368 0.131667 0.260526
17 0.461667 0.684211 0.063333 0.052632
17 0.515000 0.738158 0.036667 0.023684
17 0.033333 0.764474 0.056667 0.039474
17 0.660000 0.901316 0.040000 0.060526
17 0.041667 0.915789 0.060000 0.052632
17 0.180833 0.922368 0.045000 0.028947