17 0.511111 0.387500 0.250000 0.118750
17 0.630556 0.497917 0.044444 0.031250
17 0.477778 0.548958 0.105556 0.077083
17 0.066667 0.549479 0.058333 0.032292
17 0.795139 0.552604 0.018056 0.015625
17 0.835417 0.570312 0.023611 0.019792
17 0.029167 0.574479 0.008333 0.017708
17 0.677083 0.633854 0.298611 0.130208
17 0.857639 0.576042 0.023611 0.008333
17 0.008333 0.588021 0.013889 0.017708
17 0.931944 0.632812 0.136111 0.098958
17 0.829861 0.594792 0.012500 0.008333
17 0.480556 0.627604 0.083333 0.071875
17 0.847917 0.600000 0.012500 0.008333
17 0.853472 0.637500 0.045833 0.064583
17 0.552083 0.634375 0.012500 0.012500
17 0.556250 0.669271 0.009722 0.011458
17 0.093750 0.695833 0.084722 0.045833
17 0.929861 0.704688 0.040278 0.040625
17 0.989583 0.693229 0.018056 0.013542
17 0.259722 0.751563 0.152778 0.109375
17 0.886111 0.716667 0.027778 0.020833
17 0.101389 0.727604 0.019444 0.009375
17 0.044444 0.731771 0.008333 0.009375
17 0.973611 0.734896 0.011111 0.013542
17 0.391667 0.766667 0.069444 0.060417
17 0.963889 0.748437 0.011111 0.013542
17 0.045833 0.753646 0.027778 0.013542
17 0.071528 0.759375 0.012500 0.014583
17 0.318750 0.770833 0.023611 0.008333
17 0.975000 0.774479 0.019444 0.011458
17 0.015972 0.786458 0.031944 0.018750
17 0.954861 0.787500 0.029167 0.018750
17 0.063194 0.786979 0.018056 0.011458
17 0.326389 0.790625 0.027778 0.008333
17 0.327778 0.800000 0.011111 0.008333
17 0.384028 0.802083 0.012500 0.012500
17 0.906944 0.806250 0.022222 0.010417
17 0.269444 0.809896 0.013889 0.009375
17 0.982639 0.815104 0.026389 0.021875
17 0.357639 0.818750 0.012500 0.008333
17 0.129861 0.906250 0.190278 0.127083
17 0.351389 0.856250 0.030556 0.025000
17 0.319444 0.870833 0.030556 0.025000
17 0.374306 0.877083 0.023611 0.025000
17 0.343750 0.891667 0.031944 0.018750
17 0.297222 0.943229 0.136111 0.107292
17 0.337500 0.955208 0.025000 0.016667
17 0.367361 0.967187 0.023611 0.023958
17 0.317361 0.975000 0.012500 0.010417
17 0.284028 0.995313 0.023611 0.009375