17 0.055417 0.222639 0.110833 0.445277
17 0.293750 0.194903 0.385833 0.389805
17 0.538750 0.056222 0.044167 0.109445
17 0.659583 0.488006 0.680833 0.976012
17 0.935417 0.671664 0.125833 0.392804
17 0.230833 0.584708 0.023333 0.038981
17 0.244583 0.677661 0.059167 0.101949
17 0.031250 0.806597 0.062500 0.218891
17 0.185417 0.730135 0.027500 0.026987
17 0.226667 0.769115 0.028333 0.068966
17 0.198333 0.762369 0.023333 0.046477
17 0.820833 0.868816 0.243333 0.262369
17 0.165417 0.874063 0.022500 0.032984
17 0.399167 0.949775 0.298333 0.100450
17 0.205833 0.966267 0.028333 0.052474