17 0.032795 0.021795 0.010456 0.012821
17 0.012833 0.036538 0.021863 0.024359
17 0.036122 0.051282 0.019011 0.033333
17 0.237167 0.066667 0.031369 0.051282
17 0.051806 0.069231 0.006654 0.025641
17 0.010932 0.076923 0.021863 0.017949
17 0.037548 0.099359 0.014259 0.019231
17 0.021863 0.114744 0.017110 0.019231
17 0.292776 0.189103 0.064639 0.108974
17 0.232414 0.181410 0.033270 0.044872
17 0.117395 0.244231 0.008555 0.016667
17 0.446768 0.467308 0.304183 0.434615
17 0.563213 0.346795 0.019962 0.026923
17 0.164449 0.575000 0.051331 0.039744
17 0.532795 0.601282 0.012357 0.023077
17 0.850285 0.753205 0.018061 0.037179
17 0.798954 0.830128 0.029468 0.032051