17 0.721667 0.031579 0.016667 0.026316
17 0.620833 0.298684 0.028333 0.028947
17 0.818333 0.435526 0.110000 0.186842
17 0.315000 0.422368 0.056667 0.076316
17 0.560833 0.414474 0.045000 0.044737
17 0.558333 0.455263 0.046667 0.026316
17 0.391667 0.559211 0.020000 0.034211
17 0.470000 0.636842 0.040000 0.078947
17 0.616667 0.697368 0.066667 0.126316
17 0.375833 0.656579 0.015000 0.028947
17 0.496667 0.696053 0.023333 0.065789
17 0.395000 0.705263 0.026667 0.047368
17 0.639167 0.743421 0.021667 0.034211
17 0.353333 0.778947 0.046667 0.068421
17 0.494167 0.775000 0.031667 0.039474
17 0.171667 0.793421 0.090000 0.071053
17 0.260000 0.926316 0.050000 0.078947
17 0.633333 0.947368 0.033333 0.063158