18 0.470833 0.067500 0.078333 0.130000
18 0.585000 0.092500 0.046667 0.180000
18 0.714167 0.132500 0.068333 0.265000
18 0.238333 0.188750 0.073333 0.327500
18 0.550000 0.216250 0.053333 0.262500
18 0.355833 0.201250 0.038333 0.182500
18 0.331667 0.378750 0.073333 0.402500
18 0.385833 0.271250 0.015000 0.112500
18 0.152500 0.550000 0.095000 0.280000
18 0.450000 0.607500 0.080000 0.375000
18 0.769167 0.541250 0.068333 0.192500
18 0.581667 0.562500 0.060000 0.200000
18 0.270833 0.621250 0.035000 0.232500
18 0.539167 0.867500 0.071667 0.265000
18 0.390000 0.935000 0.046667 0.130000