19 0.825781 0.022133 0.023438 0.024145
19 0.449219 0.543260 0.579688 0.909457
19 0.802344 0.143863 0.054688 0.078471
19 0.183594 0.219316 0.335938 0.221328
19 0.645312 0.237425 0.046875 0.076459
19 0.257031 0.478873 0.476562 0.503018
19 0.930469 0.259557 0.048438 0.056338
19 0.894531 0.330986 0.032813 0.022133
19 0.907031 0.481891 0.023438 0.026157
19 0.953125 0.485915 0.021875 0.026157
19 0.757031 0.717304 0.170313 0.384306
19 0.834375 0.568410 0.025000 0.086519
19 0.971875 0.615694 0.031250 0.028169
19 0.876563 0.701207 0.050000 0.054326
19 0.964063 0.703219 0.050000 0.054326