19 0.236667 0.063158 0.083333 0.105263
19 0.374167 0.125000 0.085000 0.128947
19 0.566667 0.119737 0.073333 0.102632
19 0.325000 0.107895 0.023333 0.031579
19 0.707500 0.234211 0.071667 0.136842
19 0.284167 0.192105 0.021667 0.036842
19 0.554167 0.265789 0.035000 0.078947
19 0.357500 0.336842 0.018333 0.042105
19 0.613333 0.376316 0.050000 0.094737
19 0.542500 0.382895 0.048333 0.071053
19 0.751667 0.431579 0.036667 0.042105
19 0.290000 0.446053 0.023333 0.023684
19 0.856667 0.492105 0.053333 0.084211
19 0.543333 0.488158 0.046667 0.039474
19 0.754167 0.505263 0.081667 0.063158
19 0.286667 0.498684 0.023333 0.028947
19 0.541667 0.592105 0.023333 0.036842
19 0.748333 0.617105 0.030000 0.034211
19 0.783333 0.665789 0.030000 0.063158
19 0.840000 0.671053 0.033333 0.057895
19 0.069167 0.773684 0.051667 0.163158
19 0.570833 0.846053 0.085000 0.207895
19 0.136667 0.803947 0.033333 0.055263
19 0.692500 0.825000 0.138333 0.102632
19 0.474167 0.827632 0.048333 0.044737