17 0.882222 0.135000 0.231111 0.186250
17 0.622778 0.212188 0.218889 0.239375
17 0.292222 0.167813 0.097778 0.069375
17 0.076111 0.273125 0.092222 0.038750
17 0.932778 0.352812 0.056667 0.040625
17 0.870000 0.397188 0.055556 0.051875
17 0.815556 0.528438 0.220000 0.264375
17 0.523333 0.501875 0.326667 0.205000
17 0.967778 0.476875 0.055556 0.042500
17 0.116667 0.500625 0.171111 0.060000
17 0.671111 0.514375 0.042222 0.026250
17 0.555000 0.604375 0.065556 0.032500
17 0.456111 0.664062 0.134444 0.058125
17 0.279444 0.665312 0.090000 0.036875
17 0.315556 0.710625 0.055556 0.031250
17 0.622778 0.817500 0.201111 0.197500
17 0.488333 0.945000 0.083333 0.063750