19 0.405556 0.106965 0.104444 0.213930
19 0.278889 0.281095 0.082222 0.343284
19 0.802222 0.253731 0.044444 0.099502
19 0.734444 0.338308 0.033333 0.228856
19 0.402222 0.457711 0.128889 0.388060
19 0.960000 0.455224 0.066667 0.313433
19 0.638889 0.415423 0.073333 0.213930
19 0.901111 0.552239 0.046667 0.258706
19 0.822222 0.544776 0.053333 0.074627
19 0.282222 0.572139 0.022222 0.049751
19 0.568889 0.582090 0.044444 0.069652
19 0.123333 0.631841 0.042222 0.079602
19 0.807778 0.778607 0.086667 0.323383
19 0.360000 0.738806 0.066667 0.194030
19 0.185556 0.694030 0.068889 0.094527
19 0.281111 0.768657 0.073333 0.154229
19 0.094444 0.738806 0.028889 0.064677
19 0.523333 0.751244 0.046667 0.089552
19 0.143333 0.805970 0.037778 0.119403
19 0.390000 0.900498 0.051111 0.199005
19 0.727778 0.858209 0.024444 0.104478
19 0.300000 0.902985 0.031111 0.144279
19 0.450000 0.870647 0.060000 0.069652
19 0.625556 0.945274 0.024444 0.069652
19 0.020000 0.942786 0.031111 0.054726
19 0.176667 0.960199 0.037778 0.069652