17 0.229167 0.121528 0.319444 0.177083
17 0.809606 0.174045 0.380787 0.264757
17 0.450810 0.105903 0.105324 0.119792
17 0.363426 0.102865 0.043981 0.052951
17 0.185185 0.098958 0.034722 0.013889
17 0.138310 0.119792 0.045139 0.017361
17 0.300347 0.130642 0.024306 0.009549
17 0.366898 0.151042 0.032407 0.012153
17 0.499421 0.321615 0.436343 0.316840
17 0.167824 0.189236 0.050926 0.017361
17 0.348958 0.215712 0.015046 0.014757
17 0.380208 0.235243 0.024306 0.045139
17 0.798611 0.386285 0.104167 0.100694
17 0.737847 0.354601 0.038194 0.018229
17 0.752894 0.516493 0.026620 0.019097
17 0.507523 0.627170 0.378472 0.236979
17 0.281829 0.519531 0.017361 0.013021
17 0.835648 0.570312 0.185185 0.114583
17 0.756944 0.533420 0.013889 0.009549
17 0.223380 0.543837 0.016204 0.018229
17 0.706019 0.561198 0.039352 0.032118
17 0.912037 0.561632 0.030093 0.012153
17 0.796296 0.625434 0.289352 0.106771
17 0.684606 0.664497 0.454861 0.181424
17 0.331019 0.651042 0.030093 0.027778
17 0.141782 0.765625 0.061343 0.088542
17 0.254630 0.745660 0.069444 0.048611
17 0.821181 0.742622 0.033565 0.040799
17 0.115741 0.742188 0.018519 0.017361
17 0.765046 0.781684 0.071759 0.080729
17 0.087963 0.755642 0.020833 0.013021
17 0.118634 0.760417 0.015046 0.008681
17 0.392940 0.783854 0.054398 0.017361
17 0.542245 0.800781 0.059028 0.047743
17 0.901620 0.789062 0.032407 0.024306
17 0.697917 0.818142 0.037037 0.025174
17 0.970486 0.871094 0.056713 0.042535
17 0.754630 0.881944 0.074074 0.059028
17 0.651042 0.914497 0.084491 0.059896
17 0.041667 0.906250 0.020833 0.015625
17 0.929398 0.946181 0.043981 0.062500
17 0.204861 0.953993 0.032407 0.029514
17 0.797454 0.970486 0.062500 0.059028
17 0.442708 0.973090 0.024306 0.032986