18 0.438281 0.149780 0.098437 0.295154
18 0.539844 0.088106 0.070312 0.162996
18 0.614844 0.310573 0.079687 0.484581
18 0.047656 0.212555 0.095312 0.240088
18 0.554688 0.231278 0.028125 0.132159
18 0.503125 0.354626 0.053125 0.308370
18 0.028125 0.424009 0.056250 0.213656
18 0.421094 0.540749 0.076563 0.403084
18 0.606250 0.609031 0.078125 0.226872
18 0.238281 0.610132 0.082812 0.215859
18 0.520312 0.795154 0.093750 0.400881
18 0.076563 0.753304 0.034375 0.123348
18 0.291406 0.921806 0.073438 0.151982
18 0.585156 0.951542 0.029687 0.083700