19 0.446875 0.124845 0.715625 0.175155
19 0.188281 0.293789 0.370312 0.160248
19 0.541406 0.677640 0.820312 0.458385
19 0.059375 0.550311 0.115625 0.173913
19 0.926562 0.601863 0.028125 0.018634
19 0.958594 0.655901 0.076563 0.062112
19 0.865625 0.672671 0.021875 0.018634
19 0.892188 0.671429 0.015625 0.008696
19 0.082812 0.861491 0.162500 0.274534
19 0.968750 0.811180 0.031250 0.044720
19 0.976562 0.886335 0.043750 0.045963
19 0.967187 0.945963 0.021875 0.021118
19 0.932813 0.980745 0.028125 0.023602