17 0.514167 0.176875 0.105000 0.036250
17 0.892500 0.345625 0.215000 0.158750
17 0.414167 0.309375 0.068333 0.078750
17 0.549167 0.295000 0.058333 0.047500
17 0.623333 0.330000 0.036667 0.040000
17 0.630833 0.451250 0.278333 0.155000
17 0.849167 0.469375 0.198333 0.066250
17 0.974167 0.504375 0.051667 0.023750
17 0.677500 0.555625 0.208333 0.056250
17 0.980000 0.538750 0.036667 0.022500
17 0.843333 0.545625 0.043333 0.026250
17 0.815833 0.579375 0.061667 0.021250
17 0.495000 0.831875 0.036667 0.023750
17 0.698333 0.933750 0.116667 0.122500
17 0.564167 0.903125 0.015000 0.021250