19 0.373437 0.085417 0.062500 0.045833
19 0.599219 0.135417 0.026562 0.033333
19 0.466406 0.143750 0.039062 0.025000
19 0.531250 0.153125 0.068750 0.039583
19 0.642969 0.160417 0.035937 0.054167
19 0.675781 0.158333 0.026562 0.041667
19 0.582812 0.171875 0.021875 0.022917
19 0.633594 0.222917 0.070312 0.120833
19 0.703125 0.220833 0.050000 0.079167
19 0.453906 0.205208 0.023438 0.035417
19 0.568750 0.242708 0.084375 0.093750
19 0.427344 0.258333 0.039062 0.033333
19 0.523438 0.286458 0.056250 0.052083
19 0.496094 0.333333 0.092188 0.095833
19 0.601562 0.314583 0.025000 0.045833
19 0.624219 0.306250 0.023438 0.029167
19 0.691406 0.351042 0.023438 0.043750
19 0.685156 0.389583 0.020313 0.058333
19 0.626563 0.402083 0.025000 0.041667
19 0.365625 0.485417 0.156250 0.162500
19 0.737500 0.447917 0.025000 0.033333
19 0.621875 0.466667 0.050000 0.054167
19 0.575781 0.492708 0.054688 0.064583
19 0.723437 0.498958 0.018750 0.039583
19 0.875000 0.746875 0.246875 0.506250
19 0.700781 0.602083 0.195312 0.191667
19 0.514062 0.582292 0.065625 0.085417
19 0.789844 0.631250 0.026562 0.025000