18 0.755396 0.074335 0.093525 0.148670
18 0.516787 0.506260 0.503597 0.987480
18 0.908273 0.280908 0.044365 0.161189
18 0.300360 0.431925 0.034772 0.172144
18 0.235012 0.437402 0.134293 0.161189
18 0.014388 0.401408 0.028777 0.029734
18 0.060552 0.507042 0.118705 0.172144
18 0.843525 0.551643 0.056355 0.120501
18 0.868106 0.602504 0.057554 0.062598
18 0.887290 0.750391 0.045564 0.114241
18 0.944245 0.737089 0.041966 0.043818
18 0.959233 0.833333 0.052758 0.161189
18 0.054556 0.952269 0.089928 0.086072