17 0.304000 0.125806 0.028000 0.032258
17 0.429000 0.130645 0.018000 0.029032
17 0.284000 0.309677 0.052000 0.077419
17 0.469000 0.458065 0.114000 0.200000
17 0.145000 0.390323 0.018000 0.051613
17 0.237000 0.475806 0.062000 0.106452
17 0.152000 0.498387 0.016000 0.029032
17 0.366000 0.540323 0.028000 0.054839
17 0.850000 0.566129 0.028000 0.048387
17 0.250000 0.716129 0.056000 0.064516
17 0.166000 0.751613 0.064000 0.090323
17 0.377000 0.732258 0.030000 0.038710
17 0.272000 0.824194 0.060000 0.074194