17 0.761250 0.238333 0.200833 0.285556
17 0.493750 0.528333 0.562500 0.805556
17 0.098333 0.264444 0.011667 0.024444
17 0.063333 0.275000 0.023333 0.036667
17 0.112083 0.268333 0.014167 0.021111
17 0.113750 0.327778 0.024167 0.028889
17 0.158750 0.345000 0.012500 0.018889
17 0.388750 0.361667 0.039167 0.043333
17 0.089583 0.359444 0.025833 0.034444
17 0.094583 0.396667 0.027500 0.026667
17 0.137917 0.388889 0.007500 0.008889
17 0.057083 0.417222 0.022500 0.023333
17 0.055000 0.486111 0.010000 0.032222
17 0.023333 0.506111 0.025000 0.032222