17 0.754212 0.026623 0.031715 0.042857
17 0.608028 0.045455 0.098117 0.062338
17 0.595639 0.249351 0.564916 0.407792
17 0.649653 0.081818 0.038652 0.033766
17 0.706640 0.079870 0.037661 0.027273
17 0.611001 0.100000 0.050545 0.041558
17 0.777998 0.127273 0.065411 0.041558
17 0.642716 0.138312 0.024777 0.032468
17 0.920714 0.144805 0.025768 0.016883
17 0.911794 0.189610 0.055500 0.036364
17 0.683845 0.187013 0.017839 0.023377
17 0.721506 0.190260 0.029732 0.019481
17 0.888008 0.235065 0.075322 0.072727
17 0.262636 0.235714 0.079286 0.058442
17 0.193756 0.257792 0.054509 0.074026
17 0.828048 0.256494 0.030723 0.066234
17 0.286422 0.305195 0.107037 0.122078
17 0.924182 0.321429 0.106046 0.094805
17 0.214569 0.319481 0.022795 0.025974
17 0.527750 0.430519 0.123885 0.242857
17 0.862735 0.337662 0.028741 0.057143
17 0.181863 0.350649 0.018831 0.023377
17 0.313677 0.422078 0.062438 0.129870
17 0.960852 0.473377 0.076313 0.188312
17 0.777502 0.422078 0.052527 0.072727
17 0.176412 0.405844 0.029732 0.037662
17 0.712091 0.412987 0.026759 0.028571
17 0.221506 0.527922 0.113974 0.203896
17 0.682359 0.518182 0.191278 0.174026
17 0.910803 0.465584 0.063429 0.058442
17 0.754212 0.450000 0.017839 0.011688
17 0.396928 0.468182 0.028741 0.027273
17 0.422696 0.475974 0.014866 0.029870
17 0.409316 0.535065 0.031715 0.085714
17 0.945986 0.517532 0.040634 0.045455
17 0.863726 0.538312 0.088206 0.066234
17 0.565907 0.535065 0.009911 0.012987
17 0.798315 0.557143 0.020813 0.025974
17 0.898414 0.568182 0.016848 0.035065
17 0.559960 0.561039 0.019822 0.015584
17 0.492071 0.616234 0.102081 0.105195
17 0.938057 0.583117 0.014866 0.033766
17 0.275520 0.586364 0.021804 0.027273
17 0.309217 0.622078 0.083251 0.096104
17 0.967294 0.598701 0.037661 0.038961
17 0.707136 0.607792 0.030723 0.023377
17 0.546085 0.605195 0.015857 0.015584
17 0.563925 0.619481 0.013875 0.038961
17 0.716551 0.634416 0.212091 0.061039
17 0.509415 0.626623 0.029732 0.040260
17 0.867195 0.623377 0.017839 0.020779
17 0.944500 0.640909 0.011893 0.032468
17 0.571853 0.680519 0.126858 0.085714
17 0.684341 0.751948 0.163528 0.200000
17 0.872151 0.668831 0.019822 0.025974
17 0.969772 0.693506 0.060456 0.067532
17 0.460357 0.695455 0.026759 0.027273
17 0.557978 0.762987 0.073340 0.081818
17 0.484638 0.761039 0.085233 0.070130
17 0.482656 0.807792 0.035679 0.023377