21 0.587637 0.022565 0.026604 0.040380
21 0.363850 0.080760 0.032864 0.066508
21 0.412363 0.096200 0.035994 0.068884
21 0.620501 0.130641 0.023474 0.057007
21 0.582942 0.165083 0.039124 0.068884
21 0.289515 0.155582 0.028169 0.040380
21 0.642410 0.216152 0.020344 0.038005
21 0.475743 0.524941 0.272300 0.494062
21 0.542254 0.530879 0.026604 0.059382
21 0.571987 0.614014 0.023474 0.049881
21 0.738654 0.665083 0.021909 0.038005
21 0.679186 0.707838 0.056338 0.061758
21 0.219875 0.851544 0.158059 0.287411
21 0.464006 0.807601 0.057903 0.156770
21 0.358372 0.758907 0.031299 0.054632
21 0.745696 0.883610 0.089202 0.232779
21 0.402191 0.805226 0.028169 0.057007
21 0.577465 0.824228 0.034429 0.057007
21 0.429577 0.921615 0.123631 0.156770
21 0.557121 0.944181 0.068858 0.111639