20 0.943003 0.106516 0.058387 0.115288
20 0.400371 0.307018 0.085264 0.348371
20 0.172382 0.184837 0.072289 0.091479
20 0.665431 0.266291 0.085264 0.078947
20 0.670065 0.446115 0.035218 0.125313
20 0.960612 0.471178 0.069509 0.092732
20 0.288230 0.515038 0.046339 0.122807
20 0.604263 0.533208 0.072289 0.141604
20 0.749305 0.585213 0.034291 0.052632
20 0.184430 0.683584 0.022243 0.216792
20 0.088508 0.625940 0.169601 0.086466
20 0.884615 0.683584 0.227062 0.156642
20 0.811399 0.797619 0.036145 0.071429
20 0.777108 0.848371 0.030584 0.100251
20 0.492586 0.852130 0.021316 0.095238
20 0.067655 0.845238 0.048193 0.028822
20 0.150602 0.953634 0.214087 0.092732