21 0.546354 0.036111 0.076042 0.072222
21 0.504167 0.159259 0.027083 0.092593
21 0.365104 0.266667 0.032292 0.051852
21 0.651042 0.382407 0.091667 0.205556
21 0.385937 0.462037 0.288542 0.327778
21 0.217708 0.325000 0.050000 0.042593
21 0.120833 0.391667 0.022917 0.046296
21 0.221875 0.398148 0.022917 0.044444
21 0.569792 0.434259 0.045833 0.061111
21 0.156250 0.473148 0.031250 0.094444
21 0.499479 0.488889 0.046875 0.096296
21 0.711458 0.634259 0.020833 0.038889
21 0.116146 0.643519 0.028125 0.046296
21 0.768750 0.643519 0.025000 0.046296
21 0.239583 0.671296 0.027083 0.087037
21 0.751042 0.701852 0.022917 0.044444
21 0.367708 0.711111 0.029167 0.051852
21 0.195833 0.746296 0.022917 0.048148
21 0.798438 0.779630 0.028125 0.055556
21 0.223958 0.811111 0.033333 0.055556
21 0.564583 0.891667 0.029167 0.042593
21 0.214583 0.937963 0.027083 0.042593
21 0.120833 0.970370 0.041667 0.059259
21 0.498958 0.973148 0.079167 0.053704
21 0.634375 0.976852 0.056250 0.046296