20 0.793620 0.404810 0.082031 0.042084
20 0.589844 0.441383 0.058594 0.075150
20 0.293945 0.425351 0.022786 0.017034
20 0.655599 0.431864 0.033854 0.020040
20 0.441081 0.449399 0.054036 0.047094
20 0.853516 0.467936 0.019531 0.046092
20 0.637044 0.479960 0.029297 0.032064
20 0.314128 0.514028 0.021484 0.018036
20 0.700846 0.527555 0.021484 0.023046
20 0.170573 0.545591 0.031250 0.019038
20 0.479167 0.571643 0.014323 0.015030
20 0.529622 0.575150 0.016276 0.022044
20 0.187174 0.618236 0.020182 0.034068
20 0.077474 0.623747 0.014323 0.019038