21 0.708065 0.347826 0.032258 0.038647
21 0.604032 0.428744 0.050000 0.065217
21 0.825806 0.417874 0.029032 0.043478
21 0.761290 0.438406 0.032258 0.041063
21 0.666935 0.449275 0.033871 0.033816
21 0.686290 0.530193 0.188710 0.128019
21 0.329839 0.519324 0.030645 0.033816
21 0.779839 0.562802 0.033871 0.072464
21 0.895968 0.564010 0.027419 0.041063
21 0.501613 0.601449 0.193548 0.086957
21 0.859677 0.580918 0.029032 0.036232
21 0.269355 0.620773 0.080645 0.086957
21 0.745968 0.609903 0.024194 0.036232
21 0.907258 0.634058 0.030645 0.070048
21 0.661290 0.644928 0.093548 0.038647
21 0.114516 0.693237 0.216129 0.130435
21 0.354839 0.652174 0.029032 0.033816
21 0.307258 0.664251 0.020968 0.028986
21 0.364516 0.685990 0.032258 0.033816
21 0.145161 0.765700 0.096774 0.048309
21 0.070161 0.776570 0.027419 0.026570