20 0.327500 0.070000 0.050000 0.110000
20 0.440000 0.094167 0.022500 0.115000
20 0.869375 0.236667 0.083750 0.336667
20 0.381250 0.335000 0.042500 0.153333
20 0.480000 0.447500 0.057500 0.058333
20 0.503125 0.475000 0.033750 0.060000
20 0.895000 0.538333 0.080000 0.173333
20 0.757500 0.701667 0.110000 0.436667
20 0.878125 0.632500 0.103750 0.218333
20 0.024375 0.538333 0.046250 0.023333
20 0.558750 0.548333 0.027500 0.040000
20 0.385000 0.598333 0.115000 0.116667
20 0.190625 0.631667 0.131250 0.030000