21 0.224194 0.030154 0.087097 0.040673
21 0.458065 0.053296 0.212903 0.078541
21 0.683871 0.162693 0.293548 0.258065
21 0.452419 0.185835 0.227419 0.158485
21 0.208871 0.277700 0.182258 0.159888
21 0.869355 0.301543 0.083871 0.042076
21 0.783065 0.382188 0.433871 0.189341
21 0.070161 0.351332 0.075806 0.071529
21 0.497581 0.383590 0.133871 0.105189
21 0.218548 0.465638 0.233871 0.100982
21 0.359677 0.538569 0.035484 0.028050
21 0.275000 0.577840 0.117742 0.036466
21 0.402419 0.573633 0.037097 0.030856
21 0.380645 0.762973 0.761290 0.336606
21 0.789516 0.718794 0.266129 0.091164
21 0.094355 0.753156 0.185484 0.075736
21 0.176613 0.887798 0.214516 0.187938