21 0.352500 0.042105 0.051667 0.084211
21 0.546667 0.122368 0.133333 0.244737
21 0.370000 0.118421 0.040000 0.047368
21 0.401667 0.150000 0.040000 0.052632
21 0.371667 0.555263 0.150000 0.731579
21 0.720000 0.553947 0.170000 0.281579
21 0.423333 0.786842 0.026667 0.115789
21 0.860000 0.831579 0.050000 0.157895
21 0.386667 0.842105 0.026667 0.047368
21 0.580833 0.921053 0.068333 0.157895
21 0.646667 0.886842 0.036667 0.089474
21 0.397500 0.927632 0.068333 0.139474
21 0.342500 0.955263 0.028333 0.047368