20 0.527344 0.086735 0.026562 0.153061
20 0.017188 0.168367 0.031250 0.188776
20 0.513281 0.332908 0.032813 0.063776
20 0.740625 0.363520 0.018750 0.038265
20 0.895312 0.400510 0.028125 0.112245
20 0.189062 0.491071 0.046875 0.160714
20 0.503906 0.455357 0.023438 0.063776
20 0.746094 0.488520 0.079687 0.084184
20 0.917188 0.792092 0.078125 0.267857
20 0.417969 0.774235 0.145313 0.170918
20 0.724219 0.746173 0.060937 0.073980
20 0.199219 0.823980 0.014063 0.056122
20 0.647656 0.834184 0.032813 0.045918
20 0.797656 0.918367 0.035937 0.158163
20 0.847656 0.862245 0.060937 0.045918
20 0.072656 0.913265 0.023438 0.081633