21 0.698125 0.033898 0.036250 0.052731
21 0.418750 0.451036 0.497500 0.732580
21 0.610000 0.127119 0.035000 0.058380
21 0.774375 0.134652 0.028750 0.050847
21 0.818125 0.180791 0.028750 0.037665
21 0.775000 0.205273 0.020000 0.041431
21 0.833125 0.275895 0.088750 0.148776
21 0.749375 0.263653 0.026250 0.037665
21 0.750000 0.344633 0.030000 0.052731
21 0.363125 0.341808 0.026250 0.035782
21 0.328125 0.366290 0.023750 0.032015
21 0.626875 0.388889 0.031250 0.050847
21 0.695625 0.399247 0.028750 0.041431
21 0.252500 0.445386 0.110000 0.103578
21 0.147500 0.514124 0.025000 0.033898
21 0.623125 0.532957 0.026250 0.052731
21 0.053750 0.611111 0.032500 0.043315
21 0.011875 0.666667 0.023750 0.041431
21 0.111875 0.690207 0.023750 0.047081
21 0.057500 0.698682 0.025000 0.033898
21 0.153125 0.731638 0.068750 0.073446
21 0.406875 0.767420 0.033750 0.062147
21 0.010625 0.832392 0.021250 0.041431
21 0.306250 0.868173 0.027500 0.056497
21 0.223750 0.873823 0.027500 0.052731
21 0.118750 0.924670 0.027500 0.045198
21 0.248750 0.958569 0.020000 0.048964