21 0.046094 0.100242 0.085938 0.195652
21 0.600781 0.068841 0.095312 0.128019
21 0.446094 0.085749 0.035937 0.055556
21 0.687500 0.128019 0.056250 0.086957
21 0.568750 0.173913 0.040625 0.082126
21 0.632812 0.218599 0.050000 0.074879
21 0.503906 0.309179 0.064062 0.106280
21 0.716406 0.432367 0.123438 0.323671
21 0.589063 0.411836 0.109375 0.142512
21 0.318750 0.706522 0.531250 0.586957
21 0.645312 0.628019 0.031250 0.057971
21 0.897656 0.737923 0.185938 0.258454
21 0.589844 0.724638 0.032813 0.062802
21 0.921094 0.778986 0.032813 0.079710
21 0.991406 0.881643 0.017188 0.120773
21 0.592187 0.856280 0.021875 0.041063