20 0.519183 0.072418 0.020851 0.142317
20 0.043369 0.162469 0.071726 0.261965
20 0.223520 0.464736 0.065054 0.241814
20 0.500000 0.387280 0.024187 0.079345
20 0.715179 0.411209 0.080901 0.069270
20 0.874896 0.664987 0.058382 0.231738
20 0.419933 0.649874 0.130942 0.130982
20 0.228524 0.678841 0.020017 0.060453
20 0.627189 0.691436 0.033361 0.052897
20 0.806088 0.721662 0.062552 0.045340
20 0.758966 0.792821 0.048374 0.159950
20 0.108841 0.842569 0.024187 0.224181
20 0.560050 0.896096 0.065888 0.167506
20 0.154295 0.891688 0.040033 0.125945
20 0.458299 0.906171 0.055880 0.114610
20 0.685154 0.973552 0.027523 0.047859