21 0.828537 0.159744 0.098321 0.146965
21 0.224221 0.221246 0.117506 0.250799
21 0.469424 0.166134 0.032374 0.130990
21 0.136091 0.149361 0.015588 0.055911
21 0.160072 0.281949 0.046763 0.161342
21 0.730815 0.305112 0.085132 0.166134
21 0.441847 0.250799 0.022782 0.025559
21 0.449041 0.294728 0.017986 0.030351
21 0.429257 0.323482 0.023981 0.036741
21 0.300360 0.384185 0.029976 0.081470
21 0.661271 0.400160 0.032374 0.078275
21 0.438849 0.424121 0.033573 0.116613
21 0.842926 0.615815 0.223022 0.468051
21 0.291367 0.459265 0.086331 0.123003
21 0.720024 0.416134 0.022782 0.036741
21 0.222422 0.539936 0.037170 0.070288
21 0.321343 0.694888 0.100719 0.348243
21 0.651079 0.567093 0.031175 0.073482
21 0.300959 0.559904 0.016787 0.027157
21 0.094724 0.582268 0.026379 0.039936
21 0.194245 0.603834 0.031175 0.035144
21 0.620504 0.629393 0.022782 0.028754
21 0.182854 0.718051 0.077938 0.119808
21 0.386691 0.683706 0.032374 0.051118
21 0.126499 0.762780 0.025180 0.062300
21 0.537170 0.839457 0.083933 0.186901
21 0.393285 0.768371 0.021583 0.035144
21 0.221823 0.845847 0.103118 0.116613
21 0.162470 0.846645 0.046763 0.070288
21 0.751199 0.837061 0.027578 0.041534
21 0.775779 0.880192 0.021583 0.028754
21 0.706835 0.932907 0.082734 0.124601
21 0.245803 0.936102 0.071942 0.047923
21 0.761990 0.927316 0.022782 0.033546
21 0.516787 0.966454 0.016787 0.031949
21 0.275180 0.980032 0.058753 0.033546