20 0.833000 0.395161 0.038000 0.029032
20 0.755000 0.403226 0.054000 0.025806
20 0.775000 0.443548 0.046000 0.022581
20 0.846000 0.448387 0.060000 0.032258
20 0.313000 0.461290 0.082000 0.038710
20 0.438000 0.488710 0.084000 0.041935
20 0.628000 0.493548 0.064000 0.032258
20 0.183000 0.509677 0.058000 0.032258
20 0.528000 0.514516 0.048000 0.022581
20 0.599000 0.550000 0.046000 0.022581
20 0.796000 0.751613 0.144000 0.419355
20 0.049000 0.585484 0.090000 0.061290
20 0.356000 0.596774 0.076000 0.032258
20 0.203000 0.825806 0.082000 0.348387