21 0.056138 0.029333 0.052395 0.058667
21 0.605539 0.025333 0.019461 0.045333
21 0.468563 0.165333 0.029940 0.080000
21 0.423653 0.162667 0.041916 0.064000
21 0.376497 0.165333 0.040419 0.032000
21 0.583832 0.233333 0.083832 0.114667
21 0.472305 0.313333 0.124251 0.194667
21 0.673653 0.289333 0.053892 0.082667
21 0.779192 0.413333 0.061377 0.069333
21 0.238772 0.442667 0.094311 0.085333
21 0.587575 0.534667 0.657186 0.269333
21 0.190120 0.464000 0.047904 0.106667
21 0.024701 0.461333 0.046407 0.058667
21 0.154940 0.845333 0.058383 0.133333
21 0.210329 0.826667 0.046407 0.080000
21 0.672904 0.829333 0.013473 0.037333