20 0.450833 0.021053 0.045000 0.042105
20 0.590000 0.102632 0.076667 0.089474
20 0.685000 0.130263 0.166667 0.118421
20 0.203333 0.219737 0.033333 0.086842
20 0.384167 0.256579 0.095000 0.028947
20 0.173333 0.296053 0.083333 0.065789
20 0.081667 0.398684 0.083333 0.171053
20 0.938333 0.385526 0.073333 0.118421
20 0.315833 0.438158 0.098333 0.065789
20 0.930833 0.548684 0.061667 0.123684
20 0.290833 0.581579 0.051667 0.163158
20 0.517500 0.769737 0.211667 0.234211
20 0.077500 0.792105 0.018333 0.184211
20 0.495833 0.717105 0.001667 0.002632
20 0.140833 0.788158 0.055000 0.034211
20 0.050000 0.893421 0.033333 0.213158
20 0.170833 0.806579 0.001667 0.002632