21 0.408750 0.110556 0.029167 0.036667
21 0.757917 0.186111 0.035833 0.045556
21 0.350417 0.186667 0.034167 0.033333
21 0.262917 0.278333 0.029167 0.038889
21 0.307500 0.284444 0.031667 0.037778
21 0.365000 0.339444 0.041667 0.043333
21 0.410417 0.365000 0.030833 0.036667
21 0.462500 0.412222 0.031667 0.048889
21 0.663750 0.446667 0.027500 0.046667
21 0.435417 0.469444 0.050833 0.081111
21 0.560833 0.483333 0.040000 0.053333
21 0.495000 0.532222 0.030000 0.035556
21 0.531250 0.591667 0.030833 0.041111
21 0.495833 0.608889 0.028333 0.046667
21 0.566667 0.629444 0.023333 0.036667
21 0.611250 0.780000 0.049167 0.060000
21 0.632500 0.880556 0.028333 0.043333
21 0.745417 0.899444 0.027500 0.036667
21 0.781250 0.980556 0.024167 0.034444