21 0.374625 0.066167 0.326250 0.132333
21 0.205500 0.089000 0.056500 0.064000
21 0.562875 0.131167 0.197750 0.115000
21 0.619125 0.194333 0.022750 0.036667
21 0.408625 0.219833 0.025250 0.023000
21 0.445375 0.239667 0.034750 0.054667
21 0.568250 0.232833 0.031000 0.039000
21 0.600000 0.245833 0.019000 0.035667
21 0.358625 0.267167 0.073750 0.043000
21 0.549125 0.325500 0.087750 0.122333
21 0.610250 0.289667 0.031500 0.040000
21 0.117125 0.340000 0.223750 0.051333
21 0.946000 0.481167 0.108000 0.065000
21 0.564125 0.581167 0.040750 0.035667
21 0.243375 0.584833 0.060250 0.041000
21 0.213250 0.691667 0.044000 0.038000
21 0.485625 0.805333 0.129250 0.073333
21 0.326625 0.798833 0.026750 0.033667
21 0.398125 0.798000 0.029250 0.023333
21 0.775500 0.852500 0.026000 0.024333
21 0.666125 0.919333 0.168250 0.099333
21 0.477000 0.932167 0.037000 0.033667
21 0.532875 0.939667 0.040750 0.046000