21 0.520000 0.500000 0.245000 1.000000
21 0.605000 0.141667 0.025000 0.056667
21 0.641250 0.196667 0.037500 0.140000
21 0.207500 0.343333 0.045000 0.086667
21 0.265000 0.376667 0.025000 0.060000
21 0.161250 0.406667 0.052500 0.060000
21 0.278750 0.515000 0.032500 0.116667
21 0.176250 0.488333 0.027500 0.043333
21 0.553750 0.751667 0.112500 0.370000
21 0.250000 0.650000 0.035000 0.053333
21 0.212500 0.750000 0.040000 0.053333
21 0.253750 0.781667 0.027500 0.076667
21 0.172500 0.785000 0.030000 0.043333
21 0.182500 0.896667 0.035000 0.046667
21 0.211250 0.921667 0.052500 0.096667
21 0.558750 0.955000 0.017500 0.056667
21 0.148750 0.966667 0.027500 0.066667