21 0.340833 0.143421 0.031667 0.060526
21 0.365833 0.225000 0.125000 0.223684
21 0.430000 0.478947 0.276667 0.410526
21 0.558333 0.457895 0.036667 0.068421
21 0.602500 0.578947 0.021667 0.052632
21 0.316667 0.668421 0.033333 0.052632
21 0.611667 0.718421 0.076667 0.152632
21 0.404167 0.688158 0.051667 0.071053
21 0.745833 0.715789 0.065000 0.073684
21 0.049167 0.780263 0.058333 0.160526
21 0.313333 0.765789 0.036667 0.063158
21 0.458333 0.873684 0.073333 0.252632
21 0.821667 0.900000 0.090000 0.163158
21 0.370000 0.851316 0.036667 0.060526
21 0.120833 0.910526 0.075000 0.157895
21 0.603333 0.868421 0.040000 0.073684
21 0.371667 0.951316 0.086667 0.097368