21 0.243652 0.071845 0.089844 0.132020
21 0.383057 0.180525 0.114746 0.308534
21 0.330322 0.198031 0.103027 0.171408
21 0.462646 0.141867 0.019043 0.048869
21 0.256836 0.171408 0.038086 0.048140
21 0.694580 0.203866 0.020020 0.066375
21 0.473633 0.223924 0.015625 0.033552
21 0.270996 0.246535 0.033203 0.065646
21 0.727051 0.265135 0.039062 0.047411
21 0.494141 0.278264 0.027344 0.041575
21 0.427734 0.524435 0.228516 0.468271
21 0.287354 0.335157 0.027832 0.043034
21 0.471191 0.444566 0.085938 0.191831
21 0.312256 0.405908 0.018066 0.053246
21 0.519043 0.509482 0.030273 0.143691
21 0.086426 0.535740 0.038086 0.056163
21 0.552734 0.696937 0.015625 0.035740
21 0.135498 0.718454 0.017090 0.040846
21 0.655029 0.725018 0.015137 0.033552
21 0.164307 0.869803 0.115723 0.242888
21 0.433105 0.778629 0.015625 0.025529
21 0.496826 0.843180 0.089355 0.153173
21 0.584961 0.784464 0.020508 0.035740
21 0.570801 0.799416 0.011719 0.024799
21 0.708984 0.838439 0.022461 0.037199
21 0.553955 0.909920 0.013184 0.031364
21 0.575684 0.928884 0.012695 0.024070
21 0.599365 0.952589 0.026855 0.042305