21 0.157500 0.038158 0.051667 0.076316
21 0.029167 0.143421 0.058333 0.076316
21 0.219167 0.340789 0.128333 0.360526
21 0.320000 0.272368 0.023333 0.039474
21 0.154167 0.386842 0.035000 0.057895
21 0.095000 0.419737 0.033333 0.050000
21 0.192500 0.518421 0.078333 0.200000
21 0.430000 0.488158 0.023333 0.044737
21 0.502500 0.528947 0.031667 0.036842
21 0.298333 0.653947 0.060000 0.213158
21 0.108333 0.592105 0.020000 0.063158
21 0.855000 0.619737 0.020000 0.065789
21 0.861667 0.752632 0.113333 0.257895
21 0.247500 0.677632 0.035000 0.102632
21 0.209167 0.667105 0.028333 0.055263
21 0.245000 0.793421 0.030000 0.055263
21 0.160000 0.790789 0.020000 0.044737
21 0.014167 0.847368 0.025000 0.042105
21 0.805000 0.921053 0.033333 0.057895
21 0.239167 0.934211 0.028333 0.057895
21 0.355833 0.957895 0.028333 0.084211
21 0.045000 0.955263 0.026667 0.047368