21 0.552344 0.385417 0.029687 0.037500
21 0.518750 0.463542 0.040625 0.056250
21 0.505469 0.530208 0.023438 0.039583
21 0.774219 0.781250 0.167187 0.404167
21 0.639844 0.837500 0.064062 0.137500
21 0.385156 0.828125 0.032813 0.064583
21 0.382031 0.877083 0.020313 0.037500
21 0.246094 0.891667 0.029687 0.020833
21 0.367188 0.917708 0.018750 0.047917
21 0.301563 0.914583 0.050000 0.029167
21 0.031250 0.955208 0.018750 0.031250
21 0.357031 0.977083 0.023438 0.041667
21 0.099219 0.979167 0.067187 0.041667