21 0.978618 0.178744 0.039474 0.202899
21 0.565789 0.118357 0.032895 0.038647
21 0.644737 0.143720 0.016447 0.041063
21 0.615954 0.187198 0.067434 0.099034
21 0.517270 0.256039 0.074013 0.178744
21 0.506579 0.384058 0.263158 0.294686
21 0.806743 0.423913 0.093750 0.195652
21 0.942434 0.649758 0.115132 0.516908
21 0.816612 0.562802 0.034539 0.077295
21 0.835526 0.658213 0.023026 0.128019
21 0.318257 0.718599 0.159539 0.229469
21 0.799342 0.769324 0.095395 0.234300
21 0.402961 0.698068 0.029605 0.033816
21 0.439145 0.713768 0.026316 0.050725
21 0.311678 0.840580 0.116776 0.188406
21 0.381579 0.815217 0.042763 0.050725