22 0.441875 0.081921 0.053750 0.163842
22 0.956250 0.074388 0.042500 0.148776
22 0.808750 0.103578 0.075000 0.105461
22 0.134375 0.178908 0.061250 0.048964
22 0.875000 0.230697 0.072500 0.122411
22 0.973750 0.241996 0.032500 0.084746
22 0.698125 0.392655 0.328750 0.077213
22 0.246875 0.483992 0.168750 0.109228
22 0.620000 0.467985 0.037500 0.028249
22 0.785000 0.496234 0.052500 0.035782
22 0.678750 0.517891 0.040000 0.037665
22 0.551250 0.551789 0.060000 0.030132
22 0.941250 0.593220 0.087500 0.075330
22 0.193125 0.591337 0.266250 0.064030
22 0.233750 0.623352 0.177500 0.041431
22 0.328125 0.609228 0.001250 0.001883
22 0.376250 0.629002 0.062500 0.045198
22 0.605000 0.650659 0.092500 0.069680
22 0.325625 0.645009 0.001250 0.001883
22 0.872500 0.707156 0.092500 0.073446
22 0.408750 0.872881 0.075000 0.254237
22 0.325625 0.921846 0.046250 0.156309