22 0.518056 0.061501 0.023148 0.120541
22 0.368519 0.259533 0.190741 0.494465
22 0.621296 0.097786 0.048148 0.111931
22 0.545833 0.102706 0.008333 0.020910
22 0.543981 0.135916 0.006481 0.023370
22 0.617130 0.143911 0.013889 0.014760
22 0.550926 0.166667 0.009259 0.028290
22 0.542593 0.175277 0.007407 0.023370
22 0.569907 0.187577 0.015741 0.043050
22 0.589815 0.210947 0.038889 0.067651
22 0.549537 0.205412 0.013889 0.022140
22 0.614352 0.250923 0.028704 0.103321
22 0.694907 0.298893 0.282407 0.191882
22 0.746759 0.354859 0.036111 0.047970
22 0.627315 0.491390 0.158333 0.232472
22 0.678704 0.839483 0.070370 0.225092
22 0.730093 0.964330 0.039815 0.068881