22 0.837166 0.087425 0.071958 0.095808
22 0.863501 0.213772 0.019288 0.034731
22 0.880935 0.220359 0.006677 0.014371
22 0.927300 0.324551 0.026706 0.035928
22 0.990727 0.355689 0.018546 0.047904
22 0.975519 0.439521 0.048961 0.114970
22 0.829748 0.594012 0.095697 0.285030
22 0.100519 0.568862 0.043769 0.098204
22 0.162092 0.637126 0.063056 0.134132
22 0.263724 0.682635 0.017062 0.019162
22 0.241840 0.689820 0.010386 0.023952
22 0.215875 0.728743 0.025223 0.037126
22 0.468472 0.813174 0.024481 0.031138