22 0.381944 0.438440 0.012037 0.108071
22 0.402315 0.654583 0.054630 0.332421
22 0.981481 0.597127 0.022222 0.086183
22 0.506481 0.599179 0.011111 0.060192
22 0.891667 0.686047 0.025926 0.220246
22 0.522685 0.652531 0.012037 0.071135
22 0.362500 0.724350 0.032407 0.151847
22 0.869907 0.738030 0.010185 0.047880
22 0.864815 0.813953 0.022222 0.098495
22 0.896296 0.884405 0.042593 0.231190
22 0.611111 0.798222 0.018519 0.031464
22 0.551852 0.841997 0.016667 0.086183
22 0.580093 0.842681 0.028704 0.087551
22 0.389815 0.878933 0.053704 0.138167
22 0.427778 0.912449 0.035185 0.172367
22 0.587963 0.867305 0.012963 0.046512
22 0.581944 0.941176 0.026852 0.114911
22 0.380093 0.928181 0.013889 0.020520
22 0.387963 0.972640 0.018519 0.051984