22 0.251563 0.167062 0.053125 0.267773
22 0.203906 0.240521 0.104688 0.229858
22 0.624219 0.187204 0.026562 0.109005
22 0.717969 0.207346 0.042188 0.106635
22 0.220312 0.388626 0.184375 0.345972
22 0.153906 0.424171 0.189062 0.232227
22 0.475781 0.401659 0.139063 0.144550
22 0.829688 0.372038 0.109375 0.061611
22 0.610156 0.411137 0.035937 0.073460
22 0.675000 0.447867 0.059375 0.109005
22 0.127344 0.556872 0.245312 0.180095
22 0.611719 0.500000 0.142187 0.056872
22 0.480469 0.509479 0.154688 0.071090
22 0.685156 0.517773 0.001563 0.002370
22 0.692187 0.696682 0.206250 0.350711
22 0.682031 0.524882 0.001563 0.002370
22 0.510156 0.554502 0.054688 0.037915
22 0.896094 0.619668 0.101562 0.106635
22 0.532031 0.690758 0.189062 0.244076
22 0.145313 0.645735 0.250000 0.125592
22 0.427344 0.684834 0.076563 0.028436
22 0.910937 0.773697 0.171875 0.158768
22 0.882812 0.840047 0.103125 0.092417