22 0.537750 0.016123 0.016500 0.031496
22 0.631500 0.043120 0.014000 0.086239
22 0.513750 0.030559 0.020500 0.059618
22 0.658750 0.034683 0.013500 0.021372
22 0.742250 0.063930 0.025500 0.016123
22 0.536750 0.138170 0.015500 0.047619
22 0.412000 0.194601 0.019000 0.074991
22 0.647000 0.175478 0.014000 0.028496
22 0.515000 0.207724 0.011000 0.056993
22 0.549250 0.282715 0.028500 0.200975
22 0.526000 0.218785 0.006000 0.061867
22 0.649500 0.255156 0.033000 0.066367
22 0.634000 0.400450 0.019000 0.056243
22 0.524500 0.460442 0.016000 0.041245
22 0.735500 0.462692 0.012000 0.041245
22 0.558250 0.499625 0.019500 0.067117
22 0.722000 0.531121 0.019000 0.052118
22 0.406500 0.838770 0.067000 0.311961
22 0.612250 0.764529 0.034500 0.131984
22 0.656000 0.867829 0.048000 0.161605
22 0.529250 0.823022 0.018500 0.059243
22 0.622250 0.916010 0.019500 0.072741