22 0.324219 0.033333 0.017188 0.066667
22 0.326562 0.179167 0.015625 0.091667
22 0.486719 0.263889 0.023438 0.194444
22 0.427344 0.215278 0.020313 0.069444
22 0.332031 0.326389 0.017188 0.119444
22 0.568750 0.351389 0.025000 0.108333
22 0.481250 0.436111 0.018750 0.111111
22 0.624219 0.550000 0.048438 0.233333
22 0.559375 0.494444 0.028125 0.105556
22 0.554688 0.601389 0.009375 0.102778
22 0.464062 0.725000 0.034375 0.227778
22 0.544531 0.706944 0.014063 0.075000
22 0.581250 0.752778 0.028125 0.088889
22 0.453125 0.926389 0.025000 0.136111