22 0.440179 0.098361 0.048214 0.196721
22 0.506250 0.179583 0.019643 0.043219
22 0.558036 0.307750 0.041071 0.204173
22 0.630357 0.227273 0.017857 0.040238
22 0.409821 0.274963 0.030357 0.067064
22 0.624107 0.274963 0.016071 0.028316
22 0.500000 0.283905 0.017857 0.040238
22 0.287500 0.308495 0.021429 0.074516
22 0.475000 0.434426 0.028571 0.126677
22 0.286607 0.422504 0.023214 0.099851
22 0.281250 0.552906 0.023214 0.110283
22 0.275000 0.663189 0.025000 0.086438
22 0.441964 0.725037 0.030357 0.052161
22 0.334821 0.749627 0.037500 0.092399
22 0.431250 0.797317 0.037500 0.065574
22 0.534821 0.807750 0.023214 0.074516
22 0.321429 0.828614 0.028571 0.065574
22 0.416071 0.900149 0.042857 0.134128