25 0.493519 0.306115 0.088889 0.061849
25 0.241204 0.287352 0.030556 0.021543
25 0.576852 0.328353 0.090741 0.079917
25 0.266204 0.342252 0.323148 0.093815
25 0.162500 0.317582 0.032407 0.020848
25 0.602315 0.436067 0.162037 0.136901
25 0.491667 0.405490 0.090741 0.072967
25 0.317130 0.463864 0.186111 0.156359
25 0.137500 0.413134 0.052778 0.041001
25 0.417593 0.505907 0.125926 0.073662
25 0.685185 0.491661 0.037037 0.022933
25 0.761111 0.523628 0.042593 0.072967
25 0.635185 0.575747 0.198148 0.149409
25 0.837500 0.577832 0.139815 0.110493
25 0.726852 0.677206 0.079630 0.059069
25 0.196759 0.894024 0.313889 0.191105
25 0.166667 0.846421 0.175926 0.084781