23 0.541875 0.055000 0.053750 0.096667
23 0.616250 0.121667 0.032500 0.040000
23 0.651250 0.131667 0.035000 0.040000
23 0.672500 0.183333 0.027500 0.056667
23 0.596250 0.231667 0.057500 0.093333
23 0.524375 0.303333 0.026250 0.030000
23 0.566250 0.315833 0.025000 0.041667
23 0.588125 0.340833 0.028750 0.045000
23 0.527500 0.355833 0.035000 0.035000
23 0.702500 0.383333 0.087500 0.083333
23 0.603750 0.405000 0.027500 0.036667
23 0.618125 0.462500 0.031250 0.038333
23 0.445000 0.485000 0.050000 0.060000
23 0.486250 0.595833 0.037500 0.061667
23 0.696250 0.625833 0.092500 0.098333
23 0.609375 0.611667 0.066250 0.063333
23 0.621875 0.747500 0.023750 0.035000