23 0.900000 0.067187 0.041667 0.059375
23 0.713542 0.148438 0.047917 0.090625
23 0.983333 0.182812 0.025000 0.046875
23 0.227083 0.178125 0.029167 0.031250
23 0.959375 0.225000 0.035417 0.068750
23 0.535417 0.251563 0.020833 0.028125
23 0.197917 0.268750 0.025000 0.043750
23 0.215625 0.323437 0.039583 0.084375
23 0.792708 0.320312 0.031250 0.065625
23 0.533333 0.364063 0.070833 0.128125
23 0.585417 0.375000 0.025000 0.081250
23 0.422917 0.381250 0.041667 0.031250
23 0.472917 0.409375 0.041667 0.087500
23 0.439583 0.429688 0.020833 0.028125
23 0.330208 0.457813 0.035417 0.078125
23 0.761458 0.439063 0.018750 0.034375
23 0.784375 0.437500 0.018750 0.025000
23 0.702083 0.460938 0.025000 0.034375
23 0.739583 0.470313 0.029167 0.046875
23 0.817708 0.479687 0.018750 0.040625
23 0.913542 0.487500 0.039583 0.043750
23 0.400000 0.535937 0.083333 0.121875
23 0.477083 0.529687 0.045833 0.103125
23 0.534375 0.514062 0.052083 0.065625
23 0.778125 0.512500 0.027083 0.037500
23 0.269792 0.520312 0.027083 0.040625
23 0.680208 0.537500 0.022917 0.037500
23 0.804167 0.548438 0.025000 0.040625
23 0.935417 0.573438 0.033333 0.065625
23 0.754167 0.579688 0.066667 0.059375
23 0.812500 0.603125 0.054167 0.075000
23 0.970833 0.631250 0.041667 0.068750
23 0.921875 0.656250 0.081250 0.106250
23 0.410417 0.660937 0.137500 0.084375
23 0.684375 0.653125 0.027083 0.050000
23 0.497917 0.659375 0.029167 0.050000
23 0.740625 0.679688 0.027083 0.040625
23 0.491667 0.748437 0.066667 0.121875
23 0.676042 0.723437 0.022917 0.040625
23 0.481250 0.735938 0.037500 0.040625
23 0.726042 0.778125 0.089583 0.100000
23 0.160417 0.776563 0.029167 0.053125
23 0.480208 0.882812 0.039583 0.103125
23 0.307292 0.870313 0.022917 0.034375