23 0.680172 0.455531 0.050000 0.086768
23 0.370690 0.484816 0.024138 0.028200
23 0.775862 0.596529 0.051724 0.069414
23 0.113793 0.599783 0.051724 0.041215
23 0.266379 0.610629 0.060345 0.067245
23 0.687931 0.612798 0.068966 0.054230
23 0.104310 0.669197 0.087931 0.054230
23 0.481897 0.707158 0.025862 0.026030
23 0.086207 0.761388 0.041379 0.052061
23 0.467241 0.746204 0.024138 0.026030
23 0.497414 0.770065 0.029310 0.052061
23 0.304310 0.786334 0.036207 0.049892
23 0.437931 0.796095 0.017241 0.043384
23 0.533621 0.804772 0.063793 0.043384
23 0.411207 0.806941 0.029310 0.043384
23 0.394828 0.825380 0.075862 0.062907
23 0.584483 0.852495 0.037931 0.030369
23 0.608621 0.900217 0.031034 0.060738
23 0.425862 0.921909 0.027586 0.034707
23 0.456897 0.964208 0.037931 0.062907