23 0.636667 0.078199 0.062667 0.090047
23 0.536667 0.071090 0.041333 0.066351
23 0.214000 0.125592 0.081333 0.161137
23 0.535333 0.150474 0.036000 0.054502
23 0.305333 0.257109 0.064000 0.182464
23 0.503333 0.191943 0.033333 0.052133
23 0.458000 0.240521 0.060000 0.116114
23 0.663333 0.342417 0.121333 0.158768
23 0.585333 0.459716 0.085333 0.156398
23 0.220667 0.501185 0.086667 0.139810
23 0.626000 0.540284 0.052000 0.085308
23 0.489333 0.586493 0.066667 0.111374
23 0.281333 0.586493 0.045333 0.082938
23 0.669333 0.597156 0.045333 0.071090
23 0.643333 0.715640 0.081333 0.094787
23 0.286000 0.754739 0.116000 0.158768
23 0.598667 0.811611 0.077333 0.125592
23 0.706000 0.889810 0.105333 0.168246
23 0.541333 0.939573 0.085333 0.120853