25 0.231538 0.009217 0.023077 0.018433
25 0.400000 0.057604 0.055385 0.050691
25 0.259231 0.158986 0.078462 0.115207
25 0.756154 0.543779 0.358462 0.861751
25 0.943846 0.239631 0.090769 0.239631
25 0.347692 0.197005 0.064615 0.131336
25 0.403846 0.228111 0.020000 0.027650
25 0.466923 0.475806 0.213846 0.435484
25 0.965385 0.449309 0.069231 0.364055
25 0.260000 0.508065 0.227692 0.467742
25 0.050769 0.379032 0.043077 0.154378
25 0.111538 0.326037 0.026154 0.043779
25 0.100000 0.526498 0.027692 0.034562
25 0.037692 0.581797 0.023077 0.034562
25 0.040769 0.697005 0.075385 0.057604
25 0.170000 0.699309 0.023077 0.034562
25 0.233077 0.869816 0.226154 0.251152
25 0.483846 0.869816 0.260000 0.255760
25 0.946154 0.898618 0.107692 0.198157
25 0.139231 0.837558 0.026154 0.066820
25 0.097692 0.854839 0.023077 0.036866
25 0.050000 0.966590 0.053846 0.052995