25 0.024089 0.040799 0.048177 0.064236
25 0.292969 0.158854 0.208333 0.199653
25 0.429036 0.249132 0.108073 0.227431
25 0.151693 0.205729 0.069010 0.053819
25 0.220703 0.460938 0.272135 0.321181
25 0.055990 0.462674 0.085938 0.182292
25 0.930339 0.501736 0.079427 0.059028
25 0.899740 0.580729 0.101562 0.060764
25 0.675130 0.671007 0.175781 0.192708
25 0.047526 0.759549 0.037760 0.039931
25 0.751302 0.798611 0.046875 0.079861
25 0.014974 0.789931 0.029948 0.045139
25 0.339193 0.911458 0.042969 0.118056
25 0.236328 0.921875 0.095052 0.131944