25 0.344000 0.187097 0.160000 0.374194
25 0.582500 0.048387 0.085000 0.096774
25 0.480000 0.061290 0.066000 0.096774
25 0.691000 0.160215 0.170000 0.277419
25 0.793000 0.217204 0.038000 0.094624
25 0.541000 0.598925 0.546000 0.802151
25 0.829000 0.387097 0.020000 0.060215
25 0.963500 0.565591 0.073000 0.301075
25 0.916000 0.448387 0.010000 0.027957
25 0.245000 0.772043 0.120000 0.382796
25 0.075000 0.836559 0.058000 0.150538
25 0.975000 0.886022 0.050000 0.176344
25 0.500500 0.900000 0.233000 0.195699
25 0.890000 0.937634 0.034000 0.103226
25 0.309500 0.975269 0.049000 0.045161