23 0.751563 0.049451 0.015625 0.028571
23 0.782031 0.100000 0.076563 0.120879
23 0.240625 0.183516 0.112500 0.098901
23 0.300000 0.207692 0.028125 0.041758
23 0.835938 0.278022 0.062500 0.112088
23 0.474219 0.432967 0.076563 0.092308
23 0.935156 0.541758 0.070312 0.085714
23 0.439844 0.668132 0.045312 0.061538
23 0.853906 0.742857 0.032813 0.057143
23 0.905469 0.781319 0.064062 0.090110
23 0.391406 0.852747 0.057813 0.083516
23 0.795312 0.937363 0.125000 0.125275
23 0.667969 0.973626 0.032813 0.052747