23 0.166055 0.147135 0.097248 0.106771
23 0.351376 0.136719 0.023853 0.075521
23 0.209174 0.225260 0.029358 0.044271
23 0.600917 0.243490 0.060550 0.070312
23 0.823853 0.273438 0.055046 0.098958
23 0.096330 0.342448 0.141284 0.106771
23 0.605505 0.376302 0.088073 0.164062
23 0.391743 0.348958 0.053211 0.067708
23 0.806422 0.424479 0.144954 0.145833
23 0.493578 0.404948 0.047706 0.054688
23 0.037615 0.457031 0.034862 0.065104
23 0.586239 0.682292 0.211009 0.302083
23 0.428440 0.692708 0.042202 0.067708
23 0.258716 0.713542 0.040367 0.052083
23 0.382569 0.733073 0.023853 0.039062
23 0.788991 0.798177 0.080734 0.117188
23 0.476147 0.804688 0.049541 0.072917
23 0.267890 0.825521 0.029358 0.046875
23 0.355963 0.867188 0.062385 0.067708
23 0.568807 0.891927 0.055046 0.096354
23 0.277982 0.903646 0.034862 0.098958
23 0.683486 0.977865 0.071560 0.044271