23 0.279000 0.086667 0.088667 0.060444
23 0.421000 0.149556 0.118000 0.052000
23 0.266667 0.301556 0.306667 0.314222
23 0.045667 0.248667 0.091333 0.089333
23 0.755667 0.261778 0.115333 0.075556
23 0.510333 0.378444 0.200667 0.191556
23 0.141000 0.376444 0.170000 0.104889
23 0.700000 0.420444 0.149333 0.112000
23 0.184333 0.438444 0.058000 0.040444
23 0.129333 0.463778 0.102667 0.064444
23 0.437333 0.520667 0.080000 0.056444
23 0.710000 0.558444 0.206667 0.119556
23 0.314667 0.608444 0.545333 0.182222
23 0.696667 0.694222 0.177333 0.151111
23 0.380667 0.751778 0.128000 0.084000
23 0.580667 0.810444 0.109333 0.069778
23 0.417000 0.866444 0.207333 0.127556