23 0.550622 0.132432 0.041290 0.034595
23 0.261029 0.180811 0.027715 0.034054
23 0.601244 0.189189 0.039593 0.042162
23 0.383201 0.251622 0.049208 0.050270
23 0.867364 0.243514 0.027715 0.027568
23 0.320136 0.269730 0.042986 0.059459
23 0.182410 0.286486 0.037896 0.041081
23 0.525170 0.304054 0.035633 0.030811
23 0.827489 0.310270 0.044118 0.043243
23 0.723982 0.330270 0.046380 0.043243
23 0.332014 0.351892 0.052036 0.057297
23 0.448247 0.355946 0.027715 0.035135
23 0.092195 0.388919 0.048643 0.052432
23 0.536482 0.438378 0.034502 0.038919
23 0.460973 0.507297 0.035068 0.034054
23 0.920532 0.516486 0.029977 0.029730
23 0.539876 0.562703 0.058258 0.065946
23 0.641968 0.621081 0.088235 0.120000
23 0.206448 0.591081 0.039593 0.030811
23 0.786765 0.595676 0.038462 0.037838
23 0.432692 0.613784 0.041855 0.037297
23 0.306844 0.619730 0.025452 0.025405
23 0.840498 0.670000 0.037330 0.035135
23 0.589649 0.723514 0.036765 0.038378
23 0.645362 0.785946 0.073529 0.098378
23 0.791290 0.762432 0.041855 0.026486
23 0.574378 0.797838 0.034502 0.034595
23 0.503676 0.810000 0.025452 0.029730