24 0.870066 0.046053 0.080044 0.092105
24 0.217928 0.047149 0.086075 0.089912
24 0.118832 0.116228 0.112664 0.157164
24 0.230811 0.213999 0.136513 0.173611
24 0.881990 0.357273 0.103893 0.125365
24 0.757264 0.373173 0.114309 0.135965
24 0.134457 0.368604 0.070998 0.119518
24 0.242736 0.434576 0.075384 0.173977
24 0.655976 0.432200 0.044408 0.036915
24 0.748355 0.537646 0.282346 0.163012
24 0.567982 0.601243 0.040022 0.047515
24 0.522067 0.773392 0.264529 0.349415
24 0.347862 0.771747 0.057566 0.107822
24 0.328810 0.932749 0.086897 0.134503