23 0.857868 0.177885 0.284264 0.251923
23 0.328680 0.094231 0.058376 0.034615
23 0.473350 0.105769 0.038071 0.038462
23 0.502538 0.150962 0.101523 0.059615
23 0.361675 0.176923 0.088832 0.069231
23 0.722081 0.200962 0.048223 0.055769
23 0.435279 0.230769 0.119289 0.103846
23 0.596447 0.210577 0.055838 0.032692
23 0.420051 0.337500 0.373096 0.205769
23 0.697970 0.305769 0.101523 0.096154
23 0.562183 0.402885 0.038071 0.059615
23 0.543147 0.555769 0.137056 0.142308
23 0.413706 0.621154 0.157360 0.146154
23 0.552030 0.681731 0.104061 0.098077
23 0.420051 0.828846 0.068528 0.069231
23 0.398477 0.921154 0.045685 0.042308