25 0.317555 0.107026 0.195159 0.214052
25 0.452206 0.254902 0.310662 0.446623
25 0.015472 0.072985 0.030331 0.064270
25 0.140472 0.100763 0.029105 0.087146
25 0.075521 0.113017 0.071385 0.109477
25 0.162071 0.189815 0.085172 0.129085
25 0.043045 0.238562 0.030944 0.025054
25 0.913909 0.491285 0.050245 0.142702
25 0.151195 0.555556 0.140625 0.246187
25 0.579197 0.548203 0.032782 0.071351
25 0.296722 0.629902 0.030944 0.051743
25 0.759191 0.673203 0.057598 0.096950
25 0.060662 0.654956 0.023284 0.036492
25 0.635570 0.679466 0.028493 0.039760
25 0.905178 0.715686 0.113664 0.067538
25 0.540135 0.866285 0.268995 0.267429
25 0.234069 0.844227 0.144608 0.197168
25 0.736673 0.828976 0.068934 0.098039
25 0.150429 0.896242 0.117647 0.204248