23 0.503516 0.165350 0.032031 0.044018
23 0.254688 0.269752 0.053125 0.106095
23 0.207422 0.355530 0.036719 0.058691
23 0.527344 0.440181 0.029687 0.038375
23 0.282422 0.518059 0.083594 0.178330
23 0.546875 0.507336 0.048438 0.086907
23 0.507422 0.512980 0.025781 0.046275
23 0.226953 0.622460 0.025781 0.032731
23 0.656641 0.666479 0.032031 0.048533
23 0.441797 0.758465 0.027344 0.090293
23 0.496875 0.750564 0.054688 0.049661
23 0.675391 0.858352 0.128906 0.193002
23 0.659766 0.789503 0.028906 0.041761
23 0.473047 0.838600 0.044531 0.081264