24 0.198608 0.072386 0.305487 0.144772
24 0.444308 0.102547 0.082719 0.103217
24 0.061425 0.235255 0.101556 0.194370
24 0.189189 0.213807 0.075348 0.084450
24 0.374693 0.393432 0.184275 0.376676
24 0.917690 0.335791 0.094185 0.119303
24 0.661343 0.406166 0.035217 0.117962
24 0.814496 0.406836 0.020475 0.046917
24 0.745700 0.441689 0.036855 0.044236
24 0.590500 0.599196 0.124488 0.214477
24 0.253071 0.728552 0.499590 0.424933
24 0.742834 0.615282 0.032760 0.042895
24 0.619984 0.769437 0.076986 0.126005
24 0.778051 0.806300 0.026208 0.036193
24 0.523342 0.929625 0.027846 0.065684