23 0.277839 0.259732 0.034558 0.023114
23 0.617663 0.309611 0.052660 0.044201
23 0.401536 0.381590 0.116292 0.087591
23 0.287713 0.390308 0.099287 0.074209
23 0.705431 0.408962 0.093253 0.067721
23 0.656061 0.447486 0.053758 0.045012
23 0.409216 0.555556 0.238069 0.230333
23 0.285518 0.514396 0.026879 0.033658
23 0.628634 0.561436 0.058146 0.041768
23 0.703236 0.562449 0.047175 0.035685
23 0.364235 0.621249 0.069117 0.053528
23 0.507131 0.727291 0.259462 0.246959
23 0.656884 0.633212 0.071860 0.052311
23 0.445145 0.763990 0.101481 0.046229
23 0.426221 0.818735 0.032913 0.028386