23 0.827474 0.150879 0.209635 0.172852
23 0.647135 0.124023 0.114583 0.083984
23 0.214193 0.183105 0.128906 0.139648
23 0.445964 0.356934 0.240885 0.237305
23 0.894531 0.311523 0.130208 0.089844
23 0.649089 0.445801 0.204427 0.217773
23 0.076823 0.445312 0.153646 0.111328
23 0.858724 0.445801 0.157552 0.112305
23 0.225260 0.443848 0.093750 0.063477
23 0.470052 0.523438 0.111979 0.085938
23 0.354167 0.555176 0.122396 0.094727
23 0.503255 0.630859 0.095052 0.083984
23 0.925781 0.687500 0.148438 0.117188
23 0.816406 0.809570 0.156250 0.173828