23 0.346065 0.190141 0.081019 0.074447
23 0.912037 0.180080 0.055556 0.038229
23 0.634259 0.283702 0.055556 0.044266
23 0.275463 0.331992 0.268519 0.128773
23 0.690972 0.339034 0.076389 0.074447
23 0.793981 0.357143 0.055556 0.054326
23 0.589120 0.389336 0.076389 0.066398
23 0.475694 0.387324 0.030093 0.034205
23 0.431713 0.389336 0.034722 0.030181
23 0.458333 0.416499 0.032407 0.024145
23 0.322917 0.440644 0.090278 0.064386
23 0.429398 0.454728 0.081019 0.048290
23 0.354167 0.493964 0.074074 0.066398
23 0.221065 0.482897 0.043981 0.040241
23 0.406250 0.526157 0.030093 0.066398
23 0.307870 0.551308 0.097222 0.056338
23 0.167824 0.569416 0.062500 0.048290
23 0.118056 0.642857 0.106481 0.074447
23 0.243056 0.632797 0.037037 0.046278
23 0.193287 0.653924 0.043981 0.048290
23 0.126157 0.688129 0.034722 0.028169