25 0.186275 0.064951 0.035948 0.066176
25 0.053105 0.072304 0.031046 0.041667
25 0.744281 0.083333 0.063725 0.068627
25 0.468954 0.117647 0.052288 0.083333
25 0.119281 0.147059 0.049020 0.058824
25 0.772876 0.159314 0.045752 0.039216
25 0.709150 0.205882 0.045752 0.083333
25 0.944444 0.238971 0.094771 0.085784
25 0.473039 0.231618 0.044118 0.056373
25 0.175654 0.231618 0.031046 0.046569
25 0.816993 0.286765 0.101307 0.117647
25 0.315359 0.283088 0.075163 0.061275
25 0.183007 0.323529 0.042484 0.063725
25 0.491013 0.329657 0.044118 0.066176
25 0.057190 0.340686 0.022876 0.039216
25 0.711601 0.386029 0.073529 0.129902
25 0.419118 0.403186 0.073529 0.125000
25 0.218954 0.373775 0.039216 0.046569
25 0.094771 0.493873 0.114379 0.149510
25 0.592320 0.453431 0.037582 0.063725
25 0.925654 0.520833 0.142157 0.174020
25 0.323529 0.477941 0.052288 0.073529
25 0.526144 0.495098 0.049020 0.083333
25 0.226307 0.517157 0.083333 0.093137
25 0.395425 0.544118 0.058824 0.073529
25 0.120915 0.626225 0.042484 0.085784
25 0.510621 0.664216 0.086601 0.161765
25 0.323529 0.626225 0.065359 0.056373
25 0.071895 0.715686 0.042484 0.083333
25 0.303105 0.769608 0.031046 0.053922
25 0.491013 0.806373 0.047386 0.068627
25 0.324346 0.844363 0.057190 0.085784
25 0.437092 0.915441 0.050654 0.090686
25 0.289216 0.905637 0.049020 0.061275
25 0.356209 0.928922 0.042484 0.058824