23 0.384211 0.140449 0.107368 0.191011
23 0.682105 0.200843 0.113684 0.188202
23 0.031579 0.179775 0.063158 0.123596
23 0.471579 0.213483 0.042105 0.089888
23 0.267368 0.306180 0.025263 0.056180
23 0.316842 0.352528 0.035789 0.042135
23 0.647368 0.408708 0.031579 0.120787
23 0.322105 0.435393 0.042105 0.084270
23 0.234737 0.424157 0.040000 0.050562
23 0.713684 0.495787 0.075789 0.081461
23 0.328421 0.605337 0.046316 0.126404
23 0.238947 0.639045 0.044211 0.115169
23 0.400000 0.655899 0.075789 0.154494
23 0.604211 0.768258 0.080000 0.087079
23 0.683158 0.880618 0.086316 0.098315