23 0.604717 0.027673 0.015094 0.022642
23 0.581604 0.071698 0.017925 0.027673
23 0.620283 0.096226 0.019811 0.026415
23 0.618868 0.131447 0.016981 0.023899
23 0.593868 0.192453 0.019811 0.025157
23 0.689623 0.259748 0.037736 0.031447
23 0.571698 0.272327 0.020755 0.031447
23 0.659434 0.308805 0.022642 0.026415
23 0.680660 0.333962 0.021698 0.031447
23 0.703302 0.349057 0.023585 0.028931
23 0.548113 0.360377 0.016981 0.023899
23 0.316509 0.394969 0.025472 0.032704
23 0.495755 0.416352 0.021698 0.025157
23 0.808962 0.440252 0.017925 0.025157
23 0.592453 0.446541 0.022642 0.032704
23 0.452358 0.499371 0.019811 0.027673
23 0.850943 0.499371 0.020755 0.027673
23 0.579245 0.571069 0.022642 0.032704
23 0.375000 0.574214 0.016038 0.026415
23 0.280660 0.605031 0.016038 0.035220
23 0.287736 0.649686 0.018868 0.026415
23 0.374528 0.669182 0.020755 0.035220
23 0.725943 0.676730 0.021698 0.027673
23 0.779245 0.695597 0.024528 0.042767
23 0.560849 0.700629 0.019811 0.027673
23 0.647642 0.728302 0.023585 0.035220
23 0.631132 0.788050 0.020755 0.036478
23 0.495283 0.858491 0.022642 0.033962
23 0.340094 0.933962 0.023585 0.041509