23 0.493464 0.164545 0.043137 0.140000
23 0.559477 0.150909 0.036601 0.040000
23 0.525490 0.236364 0.020915 0.043636
23 0.286275 0.255455 0.020915 0.041818
23 0.500654 0.290000 0.039216 0.038182
23 0.615033 0.380000 0.035294 0.040000
23 0.832026 0.400909 0.043137 0.049091
23 0.972549 0.392727 0.018301 0.021818
23 0.506536 0.430000 0.014379 0.027273
23 0.873856 0.438182 0.016993 0.021818
23 0.792810 0.481818 0.077124 0.105455
23 0.374510 0.460909 0.048366 0.041818
23 0.290196 0.467273 0.031373 0.047273
23 0.936601 0.468182 0.022222 0.038182
23 0.866667 0.468182 0.018301 0.020000
23 0.165359 0.497273 0.027451 0.038182
23 0.460131 0.593636 0.128105 0.234545
23 0.552288 0.500000 0.040523 0.047273
23 0.223529 0.509091 0.033987 0.054545
23 0.796732 0.545455 0.024837 0.025455
23 0.594771 0.568182 0.073203 0.041818
23 0.541830 0.587273 0.022222 0.043636
23 0.637255 0.616364 0.027451 0.032727
23 0.572549 0.656364 0.028758 0.054545
23 0.374510 0.658182 0.032680 0.040000
23 0.939216 0.670909 0.056209 0.061818
23 0.335294 0.740909 0.019608 0.034545
23 0.370588 0.755455 0.030065 0.038182
23 0.413072 0.780000 0.028758 0.036364
23 0.784967 0.804545 0.019608 0.023636
23 0.331373 0.813636 0.022222 0.030909
23 0.384967 0.855455 0.050980 0.078182
23 0.445098 0.847273 0.022222 0.029091