25 0.403146 0.052184 0.094371 0.089806
25 0.485099 0.169903 0.099338 0.121359
25 0.276490 0.258495 0.115894 0.123786
25 0.115066 0.299757 0.094371 0.118932
25 0.572848 0.341019 0.052980 0.089806
25 0.111755 0.379854 0.057947 0.089806
25 0.250828 0.376214 0.057947 0.077670
25 0.659768 0.485437 0.041391 0.053398
25 0.449503 0.658981 0.091060 0.114078
25 0.177152 0.798544 0.059603 0.077670
25 0.740066 0.853155 0.096026 0.172330
25 0.292219 0.803398 0.041391 0.048544
25 0.322020 0.970874 0.100993 0.053398