23 0.079167 0.021875 0.029167 0.043750
23 0.463542 0.075000 0.152083 0.143750
23 0.867708 0.129688 0.085417 0.253125
23 0.972917 0.053125 0.054167 0.106250
23 0.345833 0.137500 0.025000 0.031250
23 0.985417 0.178125 0.029167 0.081250
23 0.257292 0.162500 0.022917 0.031250
23 0.416667 0.173437 0.033333 0.034375
23 0.318750 0.229687 0.016667 0.071875
23 0.356250 0.210938 0.029167 0.034375
23 0.457292 0.218750 0.031250 0.037500
23 0.391667 0.243750 0.033333 0.062500
23 0.961458 0.250000 0.018750 0.037500
23 0.345833 0.256250 0.020833 0.031250
23 0.238542 0.317188 0.081250 0.146875
23 0.437500 0.354687 0.108333 0.221875
23 0.529167 0.268750 0.025000 0.037500
23 0.342708 0.328125 0.064583 0.112500
23 0.481250 0.450000 0.116667 0.268750
23 0.162500 0.406250 0.020833 0.037500
23 0.320833 0.429688 0.058333 0.046875
23 0.328125 0.492188 0.081250 0.096875
23 0.158333 0.554688 0.041667 0.046875
23 0.219792 0.582812 0.064583 0.096875
23 0.556250 0.603125 0.066667 0.112500
23 0.008333 0.570312 0.012500 0.034375
23 0.375000 0.587500 0.058333 0.075000
23 0.290625 0.637500 0.052083 0.093750
23 0.015625 0.667188 0.022917 0.034375
23 0.295833 0.721875 0.020833 0.037500
23 0.111458 0.803125 0.022917 0.037500
23 0.294792 0.835938 0.022917 0.040625
23 0.229167 0.882812 0.020833 0.046875
23 0.419792 0.875000 0.018750 0.037500
23 0.164583 0.964063 0.020833 0.046875
23 0.285417 0.982812 0.020833 0.034375