24 0.467593 0.120000 0.035714 0.075294
24 0.283730 0.352941 0.078042 0.174118
24 0.618386 0.301176 0.048942 0.061176
24 0.224868 0.318824 0.068783 0.072941
24 0.464947 0.336471 0.043651 0.070588
24 0.339286 0.409412 0.115079 0.169412
24 0.874339 0.364706 0.034392 0.061176
24 0.812831 0.489412 0.091270 0.277647
24 0.902778 0.420000 0.027778 0.063529
24 0.556217 0.467059 0.033069 0.063529
24 0.495370 0.490588 0.041005 0.068235
24 0.303571 0.615294 0.085979 0.200000
24 0.486111 0.869412 0.083333 0.261176