28 0.278090 0.179375 0.286517 0.188750
28 0.671348 0.292500 0.353933 0.382500
28 0.126404 0.436875 0.222846 0.358750
28 0.029963 0.278125 0.059925 0.026250
28 0.564607 0.298125 0.088015 0.056250
28 0.249064 0.363125 0.026217 0.026250
28 0.446629 0.465625 0.121723 0.061250
28 0.717228 0.549375 0.116105 0.148750
28 0.539326 0.511875 0.059925 0.026250
28 0.442884 0.535000 0.069288 0.055000
28 0.641386 0.654375 0.155431 0.136250
28 0.833333 0.654375 0.082397 0.061250
28 0.719101 0.666250 0.089888 0.080000
28 0.142322 0.678125 0.116105 0.063750
28 0.609551 0.780625 0.234082 0.218750
28 0.852060 0.717500 0.029963 0.040000