28 0.413574 0.045788 0.052734 0.091575
28 0.284668 0.105861 0.041992 0.164835
28 0.455566 0.231502 0.090820 0.206593
28 0.955566 0.197436 0.046875 0.135531
28 0.987549 0.187912 0.022949 0.068132
28 0.605713 0.234432 0.013184 0.021978
28 0.631348 0.304762 0.011719 0.019048
28 0.597900 0.439194 0.121582 0.224908
28 0.775391 0.378022 0.043945 0.045421
28 0.476074 0.403663 0.014648 0.021978
28 0.713867 0.501465 0.018555 0.038828
28 0.502686 0.589377 0.103027 0.185348
28 0.548828 0.563736 0.016602 0.044689
28 0.726562 0.615018 0.058594 0.088645
28 0.134521 0.669597 0.071777 0.193407
28 0.569336 0.673260 0.022461 0.043956
28 0.385254 0.717216 0.068359 0.089377