28 0.744111 0.022857 0.032120 0.045714
28 0.692719 0.071429 0.036403 0.017143
28 0.140257 0.350000 0.057816 0.094286
28 0.551392 0.332857 0.049251 0.025714
28 0.487152 0.441429 0.310493 0.191429
28 0.491435 0.364286 0.044968 0.025714
28 0.668094 0.581429 0.252677 0.391429
28 0.014989 0.512857 0.029979 0.088571
28 0.132762 0.615714 0.025696 0.071429
28 0.346895 0.602857 0.021413 0.034286
28 0.335118 0.657143 0.040685 0.074286
28 0.266595 0.712857 0.023555 0.065714
28 0.955032 0.702857 0.025696 0.040000
28 0.937901 0.745714 0.029979 0.040000
28 0.349036 0.754286 0.017131 0.040000
28 0.268737 0.824286 0.014989 0.031429