29 0.403061 0.309570 0.666181 0.501953
29 0.814869 0.205078 0.241983 0.238281
29 0.187318 0.304688 0.266764 0.253906
29 0.639213 0.242676 0.170554 0.104492
29 0.834548 0.446289 0.260933 0.253906
29 0.124636 0.528320 0.223032 0.177734
29 0.580904 0.626465 0.243440 0.135742
29 0.331633 0.690430 0.249271 0.257812
29 0.854956 0.636719 0.228863 0.125000
29 0.045190 0.629395 0.043732 0.051758
29 0.105685 0.670898 0.129738 0.042969
29 0.802478 0.750000 0.173469 0.113281
29 0.114431 0.758789 0.196793 0.126953
29 0.549563 0.751953 0.113703 0.113281
29 0.406706 0.768066 0.061224 0.043945
29 0.615889 0.789551 0.048105 0.043945
29 0.099854 0.881836 0.199708 0.128906
29 0.325073 0.889160 0.215743 0.145508
29 0.553207 0.890625 0.208455 0.148438
29 0.829446 0.897461 0.247813 0.121094