29 0.515330 0.457156 0.599057 0.254237
29 0.193986 0.470574 0.201651 0.137947
29 0.414800 0.508945 0.136203 0.116761
29 0.584021 0.549670 0.163325 0.098399
29 0.307193 0.587100 0.115566 0.167608
29 0.397111 0.563089 0.027712 0.019774
29 0.211969 0.579567 0.020637 0.016008
29 0.356722 0.589925 0.024764 0.020716
29 0.562205 0.680791 0.282429 0.175141
29 0.173349 0.609228 0.027123 0.022599
29 0.142394 0.624529 0.038325 0.031544
29 0.687500 0.671846 0.031840 0.031073
29 0.275649 0.689030 0.026533 0.033427
29 0.158019 0.690207 0.020047 0.020716
29 0.382665 0.714925 0.034198 0.020245
29 0.298054 0.724341 0.018278 0.014595
29 0.362913 0.755650 0.034788 0.015066
29 0.440153 0.774482 0.021816 0.015066
29 0.490861 0.811205 0.022995 0.010358