28 0.615833 0.036667 0.120000 0.073333
28 0.853750 0.155000 0.115833 0.112222
28 0.970000 0.206667 0.060000 0.166667
28 0.458750 0.238333 0.077500 0.107778
28 0.576250 0.323889 0.085833 0.214444
28 0.662500 0.365000 0.088333 0.145556
28 0.543750 0.478889 0.175833 0.264444
28 0.795000 0.516667 0.261667 0.311111
28 0.329167 0.421667 0.070000 0.090000
28 0.212083 0.552222 0.102500 0.108889
28 0.381667 0.573889 0.093333 0.067778
28 0.602083 0.728889 0.089167 0.202222
28 0.247083 0.670556 0.044167 0.043333
28 0.180417 0.757222 0.087500 0.205556
28 0.298333 0.759444 0.145000 0.101111
28 0.445000 0.877778 0.306667 0.244444
28 0.692917 0.811111 0.045833 0.111111
28 0.339583 0.782222 0.065833 0.037778