27 0.048958 0.026730 0.045833 0.053459
27 0.099479 0.026730 0.055208 0.050314
27 0.710417 0.098270 0.079167 0.124214
27 0.080208 0.176101 0.160417 0.182390
27 0.217188 0.228774 0.159375 0.202830
27 0.490625 0.373428 0.058333 0.199686
27 0.877083 0.339623 0.037500 0.044025
27 0.099479 0.362421 0.065625 0.080189
27 0.705729 0.479560 0.107292 0.223270
27 0.234375 0.555031 0.068750 0.141509
27 0.305208 0.658805 0.100000 0.132075
27 0.063021 0.666667 0.063542 0.135220
27 0.173958 0.811321 0.066667 0.163522
27 0.942708 0.830975 0.072917 0.174528
27 0.633854 0.887579 0.098958 0.146226
27 0.729167 0.916667 0.062500 0.122642