31 0.532338 0.332921 0.255390 0.448020
31 0.975954 0.168317 0.044776 0.039604
31 0.631012 0.215347 0.058043 0.103960
31 0.967662 0.247525 0.031509 0.039604
31 0.599502 0.238861 0.001658 0.002475
31 0.253731 0.293317 0.066335 0.091584
31 0.180763 0.602723 0.039801 0.086634
31 0.927032 0.695545 0.139303 0.212871
31 0.365672 0.811881 0.177446 0.292079
31 0.165837 0.742574 0.046434 0.049505
31 0.950249 0.826733 0.092869 0.128713
31 0.206468 0.863861 0.048093 0.069307
31 0.864013 0.926980 0.122720 0.131188