32 0.563426 0.249383 0.063889 0.118519
32 0.186111 0.212346 0.031481 0.029630
32 0.696759 0.272840 0.089815 0.138272
32 0.199537 0.285802 0.069444 0.095062
32 0.969907 0.311111 0.060185 0.113580
32 0.804630 0.377160 0.035185 0.144444
32 0.089815 0.391358 0.124074 0.167901
32 0.498611 0.417901 0.080556 0.206173
32 0.687963 0.467284 0.187037 0.238272
32 0.050463 0.445062 0.045370 0.077778
32 0.420833 0.543827 0.028704 0.045679
32 0.351389 0.548765 0.015741 0.016049
32 0.041667 0.619753 0.027778 0.069136
32 0.300926 0.652469 0.064815 0.090123
32 0.926852 0.653086 0.074074 0.071605
32 0.093056 0.700617 0.110185 0.090123
32 0.287963 0.730864 0.088889 0.096296
32 0.548611 0.754321 0.112037 0.103704
32 0.188889 0.772222 0.057407 0.033333
32 0.728241 0.963580 0.049074 0.043210