31 0.256944 0.041451 0.041667 0.056995
31 0.032118 0.055699 0.032986 0.044041
31 0.742188 0.101036 0.085069 0.108808
31 0.276042 0.076425 0.027778 0.033679
31 0.802951 0.152850 0.064236 0.134715
31 0.049479 0.104922 0.012153 0.033679
31 0.833333 0.213731 0.031250 0.049223
31 0.534722 0.220207 0.069444 0.056995
31 0.705729 0.225389 0.064236 0.067358
31 0.561632 0.260363 0.029514 0.038860
31 0.632812 0.279793 0.060764 0.056995
31 0.500000 0.295337 0.045139 0.062176
31 0.978299 0.323834 0.036458 0.077720
31 0.526042 0.476684 0.145833 0.264249
31 0.927951 0.454663 0.057292 0.080311
31 0.432292 0.500000 0.055556 0.103627
31 0.480903 0.575130 0.041667 0.062176
31 0.365451 0.585492 0.019097 0.025907
31 0.366319 0.620466 0.020833 0.038860
31 0.388889 0.638601 0.017361 0.023316
31 0.495660 0.792746 0.022569 0.036269
31 0.578125 0.810881 0.031250 0.062176
31 0.344618 0.883420 0.074653 0.108808
31 0.542535 0.898964 0.029514 0.088083
31 0.506944 0.889896 0.027778 0.044041
31 0.418403 0.962435 0.031250 0.044041
31 0.484375 0.965026 0.031250 0.038860