32 0.337384 0.005064 0.009259 0.010127
32 0.359954 0.037182 0.030864 0.073785
32 0.852238 0.007523 0.011960 0.015046
32 0.909722 0.055122 0.054012 0.110243
32 0.913484 0.018519 0.023727 0.037037
32 0.665123 0.080295 0.203318 0.159433
32 0.813272 0.009693 0.040509 0.018229
32 0.936535 0.019387 0.019676 0.030671
32 0.827353 0.019821 0.019290 0.011863
32 0.847994 0.019676 0.006944 0.006366
32 0.950810 0.044126 0.013503 0.036748
32 0.989198 0.044126 0.015046 0.026331
32 0.968557 0.083623 0.040123 0.051505
32 0.994888 0.084925 0.007523 0.011863
32 0.993731 0.109086 0.012539 0.036458
32 0.183449 0.474826 0.226852 0.217593
32 0.401910 0.683883 0.218943 0.550637