32 0.522500 0.031934 0.047500 0.063869
32 0.148125 0.044708 0.073750 0.060219
32 0.469375 0.063869 0.028750 0.054745
32 0.881875 0.081204 0.046250 0.063869
32 0.982500 0.131387 0.035000 0.062044
32 0.942500 0.137774 0.040000 0.067518
32 0.860625 0.194343 0.061250 0.111314
32 0.769375 0.242701 0.083750 0.105839
32 0.701250 0.293796 0.072500 0.065693
32 0.634375 0.343066 0.056250 0.131387
32 0.520625 0.314781 0.033750 0.063869
32 0.025625 0.331204 0.051250 0.071168
32 0.771875 0.370438 0.056250 0.105839
32 0.836875 0.370438 0.051250 0.094891
32 0.367500 0.395073 0.067500 0.078467
32 0.152500 0.434307 0.097500 0.116788
32 0.666875 0.495438 0.116250 0.191606
32 0.789375 0.473540 0.081250 0.136861
32 0.263125 0.465328 0.101250 0.102190
32 0.986250 0.503650 0.027500 0.065693
32 0.452500 0.625000 0.097500 0.239051
32 0.594375 0.703467 0.231250 0.264599
32 0.067500 0.717153 0.135000 0.281022
32 0.730000 0.651460 0.080000 0.102190
32 0.765625 0.736314 0.128750 0.111314
32 0.849375 0.829380 0.108750 0.213504
32 0.611250 0.891423 0.050000 0.078467
32 0.665625 0.921533 0.028750 0.069343