31 0.166957 0.223238 0.045217 0.101828
31 0.055652 0.259791 0.038261 0.070496
31 0.094783 0.293734 0.060870 0.086162
31 0.184348 0.318538 0.059130 0.041775
31 0.135652 0.383812 0.038261 0.046997
31 0.597391 0.395561 0.026087 0.028721
31 0.567826 0.500000 0.033043 0.054830
31 0.615652 0.506527 0.027826 0.052219
31 0.737391 0.567885 0.066087 0.101828
31 0.616522 0.604439 0.022609 0.044386
31 0.390435 0.637076 0.102609 0.088773
31 0.254783 0.647520 0.050435 0.041775
31 0.770435 0.664491 0.041739 0.039164
31 0.592174 0.689295 0.060870 0.067885
31 0.656522 0.763708 0.036522 0.054830
31 0.376522 0.766319 0.019130 0.049608
31 0.760870 0.823760 0.060870 0.127937
31 0.584348 0.830287 0.073043 0.093995
31 0.634783 0.930809 0.038261 0.070496
31 0.353913 0.964752 0.050435 0.054830