32 0.518981 0.031757 0.054630 0.063514
32 0.158333 0.041216 0.057407 0.071622
32 0.469444 0.064189 0.029630 0.060811
32 0.878704 0.078378 0.038889 0.064865
32 0.943056 0.151351 0.037963 0.059459
32 0.499074 0.166892 0.048148 0.071622
32 0.857870 0.179054 0.056481 0.098649
32 0.760185 0.243919 0.075926 0.093243
32 0.599074 0.321622 0.122222 0.178378
32 0.699537 0.293243 0.063889 0.062162
32 0.520370 0.317568 0.035185 0.075676
32 0.027315 0.334459 0.054630 0.068919
32 0.769444 0.364865 0.057407 0.113514
32 0.837963 0.364865 0.053704 0.105405
32 0.364815 0.393919 0.064815 0.079730
32 0.791667 0.464189 0.085185 0.152703
32 0.675000 0.489189 0.131481 0.200000
32 0.162500 0.447297 0.113889 0.091892
32 0.265278 0.465541 0.099074 0.095946
32 0.984259 0.502703 0.027778 0.062162
32 0.912037 0.512838 0.057407 0.079730
32 0.452778 0.623649 0.096296 0.241892
32 0.063426 0.681081 0.126852 0.232432
32 0.589352 0.708108 0.215741 0.264865
32 0.730093 0.652027 0.075000 0.095946
32 0.770833 0.739865 0.121296 0.109459
32 0.849074 0.846622 0.103704 0.250000
32 0.956944 0.831757 0.080556 0.141892