31 0.617000 0.210667 0.174000 0.208000
31 0.543000 0.316000 0.106000 0.200000
31 0.212000 0.246667 0.040000 0.040000
31 0.284000 0.300000 0.072000 0.066667
31 0.240000 0.352000 0.036000 0.058667
31 0.771000 0.393333 0.142000 0.125333
31 0.616000 0.390667 0.056000 0.072000
31 0.388000 0.438667 0.044000 0.040000
31 0.326000 0.465333 0.040000 0.045333
31 0.447000 0.522667 0.042000 0.112000
31 0.769000 0.553333 0.110000 0.082667
31 0.934000 0.580000 0.116000 0.072000
31 0.270000 0.592000 0.072000 0.069333
31 0.499000 0.666667 0.042000 0.053333
31 0.320000 0.841333 0.340000 0.205333
31 0.749000 0.789333 0.054000 0.048000
31 0.716000 0.882667 0.220000 0.160000
31 0.571000 0.840000 0.070000 0.064000
31 0.103000 0.921333 0.074000 0.136000