32 0.211310 0.047052 0.067177 0.094104
32 0.263605 0.250000 0.062925 0.057823
32 0.410289 0.297052 0.077381 0.086168
32 0.477466 0.437642 0.036565 0.034014
32 0.656463 0.501134 0.166667 0.115646
32 0.210884 0.477324 0.015306 0.015873
32 0.531037 0.521542 0.043367 0.072562
32 0.403486 0.517007 0.028061 0.049887
32 0.542517 0.623016 0.122449 0.112245
32 0.474915 0.704649 0.223639 0.264172
32 0.284864 0.666100 0.054422 0.105442
32 0.238946 0.710884 0.079932 0.077098
32 0.150935 0.731293 0.056973 0.068027
32 0.809099 0.804989 0.179422 0.136054
32 0.177721 0.810658 0.018707 0.027211
32 0.137330 0.854875 0.017857 0.015873
32 0.164116 0.901361 0.049320 0.058957