31 0.239880 0.033000 0.020990 0.034000
31 0.272114 0.059000 0.058471 0.070000
31 0.242129 0.145000 0.082459 0.078000
31 0.310345 0.151000 0.029985 0.042000
31 0.791604 0.252000 0.194903 0.168000
31 0.072714 0.233000 0.085457 0.110000
31 0.539730 0.223000 0.026987 0.034000
31 0.397301 0.245000 0.020990 0.050000
31 0.524738 0.270000 0.032984 0.040000
31 0.416042 0.281000 0.028486 0.046000
31 0.136432 0.455000 0.206897 0.350000
31 0.841079 0.430000 0.143928 0.188000
31 0.231634 0.488000 0.097451 0.260000
31 0.468516 0.460000 0.046477 0.064000
31 0.406297 0.528000 0.071964 0.056000
31 0.864318 0.582000 0.064468 0.100000
31 0.406297 0.580000 0.065967 0.080000
31 0.441529 0.646000 0.106447 0.176000
31 0.902549 0.655000 0.077961 0.110000
31 0.562969 0.682000 0.109445 0.084000
31 0.605697 0.910000 0.065967 0.156000