32 0.066866 0.073129 0.077844 0.105442
32 0.469062 0.096939 0.063872 0.112245
32 0.935130 0.146259 0.073852 0.108844
32 0.794411 0.190476 0.027944 0.054422
32 0.448104 0.231293 0.105788 0.122449
32 0.326347 0.224490 0.041916 0.061224
32 0.864271 0.239796 0.043912 0.078231
32 0.592814 0.329932 0.051896 0.108844
32 0.276447 0.346939 0.081836 0.115646
32 0.925150 0.302721 0.013972 0.020408
32 0.907186 0.333333 0.025948 0.034014
32 0.985030 0.377551 0.025948 0.061224
32 0.559880 0.540816 0.161677 0.272109
32 0.943114 0.527211 0.025948 0.108844
32 0.908184 0.578231 0.079840 0.136054
32 0.440120 0.583333 0.105788 0.125850
32 0.174651 0.613946 0.085828 0.139456
32 0.956088 0.799320 0.083832 0.326531
32 0.219561 0.811224 0.175649 0.180272
32 0.616766 0.782313 0.031936 0.047619
32 0.507984 0.828231 0.033932 0.064626
32 0.397206 0.838435 0.051896 0.051020
32 0.646707 0.860544 0.019960 0.054422