32 0.829444 0.030220 0.032222 0.042125
32 0.938889 0.107143 0.037778 0.045788
32 0.454444 0.174908 0.140000 0.137363
32 0.906667 0.169414 0.026667 0.042125
32 0.307778 0.473443 0.173333 0.591575
32 0.771111 0.317766 0.040000 0.115385
32 0.404444 0.374542 0.091111 0.177656
32 0.520000 0.331502 0.044444 0.087912
32 0.937778 0.338828 0.042222 0.084249
32 0.778333 0.500000 0.070000 0.249084
32 0.642778 0.428571 0.034444 0.084249
32 0.945556 0.503663 0.097778 0.172161
32 0.128333 0.636447 0.092222 0.390110
32 0.504444 0.546703 0.046667 0.148352
32 0.378333 0.652930 0.025556 0.067766
32 0.710000 0.830586 0.131111 0.338828