33 0.750000 0.211500 0.025333 0.015000
33 0.762667 0.262000 0.032000 0.032000
33 0.729333 0.305000 0.032000 0.030000
33 0.664000 0.310500 0.024000 0.019000
33 0.599333 0.374000 0.028000 0.022000
33 0.492667 0.503500 0.073333 0.069000
33 0.483333 0.547500 0.033333 0.029000
33 0.429333 0.577000 0.018667 0.012000
33 0.355333 0.591500 0.014667 0.013000
33 0.442667 0.619000 0.016000 0.014000
33 0.384667 0.670500 0.017333 0.015000
33 0.350000 0.673500 0.022667 0.019000
33 0.252000 0.751000 0.045333 0.050000
33 0.214667 0.837500 0.034667 0.031000
33 0.072667 0.925500 0.062667 0.101000
33 0.165333 0.886000 0.016000 0.014000
33 0.078000 0.979500 0.046667 0.041000