33 0.558480 0.056250 0.044834 0.112500
33 0.557505 0.128125 0.015595 0.018750
33 0.585770 0.253125 0.056530 0.258750
33 0.422027 0.307500 0.013645 0.012500
33 0.405458 0.385625 0.019493 0.026250
33 0.565302 0.389375 0.011696 0.023750
33 0.598441 0.391875 0.019493 0.026250
33 0.454191 0.433125 0.011696 0.026250
33 0.400585 0.435625 0.021442 0.021250
33 0.581871 0.449375 0.021442 0.048750
33 0.433723 0.448125 0.017544 0.013750
33 0.430799 0.477500 0.015595 0.032500
33 0.556530 0.473750 0.017544 0.027500
33 0.458090 0.530625 0.035088 0.101250
33 0.636452 0.513750 0.017544 0.037500
33 0.436647 0.611250 0.019493 0.020000
33 0.553606 0.623750 0.019493 0.040000
33 0.464912 0.647500 0.025341 0.050000
33 0.487329 0.654375 0.015595 0.021250
33 0.564327 0.677500 0.033138 0.057500
33 0.438596 0.660000 0.019493 0.017500
33 0.598441 0.693125 0.015595 0.031250
33 0.500975 0.728125 0.027290 0.046250
33 0.577973 0.738750 0.017544 0.020000
33 0.490253 0.750000 0.013645 0.020000
33 0.499025 0.793750 0.019493 0.030000
33 0.586745 0.848125 0.027290 0.048750
33 0.505848 0.883750 0.017544 0.040000