33 0.859000 0.283465 0.046000 0.013498
33 0.453000 0.299775 0.094000 0.019123
33 0.850000 0.305962 0.040000 0.013498
33 0.625000 0.330709 0.090000 0.033746
33 0.370000 0.338020 0.160000 0.043870
33 0.878000 0.326772 0.036000 0.014623
33 0.402000 0.430821 0.060000 0.026997
33 0.522000 0.432508 0.060000 0.028121
33 0.678000 0.430821 0.036000 0.013498
33 0.103000 0.443757 0.162000 0.030371
33 0.597000 0.449381 0.058000 0.016873
33 0.416000 0.460630 0.036000 0.016873
33 0.797000 0.469066 0.042000 0.017998
33 0.891000 0.502812 0.066000 0.013498
33 0.024000 0.578178 0.036000 0.011249
33 0.094000 0.593363 0.064000 0.014623
33 0.224000 0.592238 0.036000 0.014623
33 0.018000 0.616985 0.036000 0.012373
33 0.588000 0.629921 0.056000 0.020247
33 0.436000 0.640607 0.084000 0.019123
33 0.669000 0.670979 0.098000 0.032621
33 0.967000 0.669291 0.042000 0.015748
33 0.898000 0.700225 0.072000 0.023622
33 0.598000 0.793026 0.024000 0.015748
33 0.459000 0.890326 0.058000 0.014623