33 0.128391 0.217703 0.079566 0.277512
33 0.405063 0.142344 0.043400 0.107656
33 0.584087 0.149522 0.047016 0.050239
33 0.384268 0.186603 0.037975 0.105263
33 0.518083 0.202153 0.056058 0.098086
33 0.121157 0.346890 0.054250 0.172249
33 0.504521 0.355263 0.032550 0.107656
33 0.462025 0.387560 0.034358 0.090909
33 0.222423 0.447368 0.075949 0.177033
33 0.496383 0.484450 0.027125 0.055024
33 0.480108 0.549043 0.037975 0.102871
33 0.234177 0.566986 0.027125 0.066986
33 0.270344 0.586124 0.027125 0.062201
33 0.591320 0.575359 0.018083 0.035885
33 0.516275 0.600478 0.023508 0.071770
33 0.609403 0.593301 0.028933 0.043062
33 0.772152 0.679426 0.065099 0.124402
33 0.604882 0.643541 0.019892 0.033493
33 0.328210 0.742823 0.019892 0.050239
33 0.367089 0.892344 0.021700 0.052632
33 0.801989 0.964115 0.041591 0.071770
33 0.732369 0.972488 0.021700 0.055024
33 0.764014 0.984450 0.012658 0.031100