33 0.131045 0.036383 0.015601 0.018711
33 0.151326 0.084200 0.015601 0.027027
33 0.117005 0.129938 0.037441 0.051975
33 0.652886 0.150728 0.023401 0.089397
33 0.804992 0.200624 0.059282 0.051975
33 0.584243 0.348233 0.023401 0.118503
33 0.737129 0.324324 0.014041 0.054054
33 0.383775 0.452183 0.024961 0.027027
33 0.423557 0.480249 0.014041 0.024948
33 0.756630 0.533264 0.037441 0.106029
33 0.464119 0.530146 0.042122 0.054054
33 0.500000 0.537422 0.035881 0.043659
33 0.734789 0.579002 0.031201 0.089397
33 0.609204 0.680873 0.010920 0.039501
33 0.013261 0.702703 0.014041 0.020790
33 0.617005 0.743243 0.017161 0.043659
33 0.043682 0.811850 0.087363 0.135135
33 0.657566 0.812890 0.023401 0.041580