33 0.460417 0.112109 0.029167 0.042969
33 0.331771 0.203125 0.036458 0.018750
33 0.188542 0.242188 0.072917 0.090625
33 0.148438 0.280078 0.021875 0.019531
33 0.558854 0.337891 0.051042 0.041406
33 0.208854 0.375000 0.080208 0.085938
33 0.273958 0.400781 0.056250 0.087500
33 0.447917 0.440234 0.027083 0.042969
33 0.422396 0.446484 0.015625 0.016406
33 0.352604 0.488281 0.017708 0.018750
33 0.372396 0.538672 0.038542 0.050781
33 0.339583 0.533984 0.018750 0.016406
33 0.408854 0.592969 0.013542 0.010937
33 0.465104 0.618750 0.038542 0.045312
33 0.708854 0.660937 0.151042 0.081250
33 0.473438 0.694922 0.019792 0.038281
33 0.327604 0.703125 0.073958 0.039062
33 0.626042 0.708203 0.018750 0.019531
33 0.297917 0.771094 0.108333 0.062500
33 0.472917 0.756641 0.025000 0.014844
33 0.877083 0.787891 0.031250 0.013281
33 0.938542 0.819531 0.043750 0.015625
33 0.863021 0.825391 0.040625 0.025781
33 0.764583 0.829297 0.031250 0.019531
33 0.880208 0.898828 0.047917 0.030469
33 0.257812 0.937109 0.071875 0.055469
33 0.540625 0.935937 0.066667 0.037500
33 0.678646 0.987500 0.078125 0.023438