33 0.506667 0.162000 0.011111 0.068000
33 0.967778 0.195000 0.011111 0.054000
33 0.706667 0.276000 0.026667 0.100000
33 0.268889 0.337000 0.028889 0.198000
33 0.965556 0.268000 0.008889 0.052000
33 0.912778 0.304000 0.018889 0.076000
33 0.294444 0.349000 0.024444 0.098000
33 0.529444 0.329000 0.014444 0.050000
33 0.699444 0.389000 0.030000 0.106000
33 0.669444 0.418000 0.010000 0.024000
33 0.786667 0.468000 0.017778 0.076000
33 0.311667 0.506000 0.021111 0.072000
33 0.417222 0.646000 0.014444 0.064000
33 0.639444 0.650000 0.032222 0.072000
33 0.402222 0.684000 0.008889 0.040000
33 0.625000 0.709000 0.021111 0.054000
33 0.686111 0.719000 0.014444 0.058000
33 0.342222 0.741000 0.017778 0.070000
33 0.345000 0.839000 0.014444 0.090000