33 0.466897 0.091743 0.006917 0.020970
33 0.464427 0.141547 0.007905 0.031455
33 0.274704 0.157274 0.013834 0.034076
33 0.298419 0.169069 0.015810 0.026212
33 0.292490 0.200524 0.007905 0.018349
33 0.459486 0.209699 0.007905 0.036697
33 0.703063 0.262123 0.018775 0.055046
33 0.239130 0.253604 0.013834 0.030144
33 0.216897 0.292267 0.010870 0.018349
33 0.347332 0.302752 0.008893 0.034076
33 0.428360 0.336828 0.014822 0.078637
33 0.313735 0.328309 0.012846 0.038008
33 0.694170 0.342071 0.018775 0.060288
33 0.352767 0.343381 0.015810 0.031455
33 0.221344 0.341415 0.007905 0.017038
33 0.437747 0.381389 0.009881 0.039318
33 0.463933 0.372870 0.008893 0.022280
33 0.986166 0.405636 0.027668 0.064220
33 0.441700 0.427261 0.007905 0.034076
33 0.349802 0.501311 0.017787 0.171691
33 0.379447 0.450852 0.011858 0.060288
33 0.327569 0.452818 0.022727 0.045872
33 0.685771 0.458716 0.011858 0.026212
33 0.706028 0.471822 0.012846 0.028834
33 0.154150 0.489515 0.013834 0.027523
33 0.912055 0.504587 0.013834 0.039318
33 0.656621 0.512451 0.010870 0.036697
33 0.366601 0.529489 0.009881 0.049803
33 0.146245 0.517693 0.007905 0.018349
33 0.383893 0.544561 0.008893 0.038008
33 0.904644 0.560288 0.016798 0.045872
33 0.220356 0.560288 0.009881 0.038008
33 0.426877 0.572084 0.013834 0.061599
33 0.442194 0.585845 0.010870 0.039318
33 0.127470 0.601573 0.013834 0.031455
33 0.264328 0.616645 0.022727 0.058978
33 0.448617 0.609436 0.007905 0.026212
33 0.897727 0.625164 0.016798 0.039318
33 0.370553 0.631062 0.011858 0.027523
33 0.116107 0.651376 0.010870 0.018349
33 0.423913 0.685452 0.009881 0.068152
33 0.894763 0.680210 0.016798 0.028834
33 0.100791 0.682831 0.009881 0.023591
33 0.822134 0.715596 0.019763 0.052425
33 0.084486 0.711664 0.010870 0.020970
33 0.362154 0.743119 0.018775 0.086501
33 0.867589 0.732634 0.027668 0.055046
33 0.095850 0.739187 0.013834 0.028834
33 0.256423 0.764744 0.008893 0.043250
33 0.390316 0.776540 0.019763 0.040629
33 0.650692 0.802752 0.014822 0.040629
33 0.013834 0.847969 0.017787 0.070773
33 0.608202 0.848624 0.014822 0.045872
33 0.391304 0.870904 0.013834 0.085190
33 0.043478 0.876147 0.033597 0.069463
33 0.072628 0.855832 0.014822 0.028834
33 0.421443 0.904980 0.010870 0.048493
33 0.370553 0.924640 0.017787 0.074705
33 0.639822 0.960682 0.018775 0.049803