33 0.672917 0.040278 0.065278 0.063889
33 0.726736 0.087963 0.013194 0.068519
33 0.060069 0.081944 0.009028 0.028704
33 0.677083 0.128241 0.013889 0.043519
33 0.744444 0.209722 0.018056 0.069444
33 0.671181 0.229167 0.006250 0.015741
33 0.890972 0.266667 0.056944 0.077778
33 0.049306 0.312500 0.012500 0.013889
33 0.371528 0.321296 0.018056 0.022222
33 0.325347 0.364352 0.029861 0.034259
33 0.112500 0.446759 0.018056 0.021296
33 0.742708 0.472222 0.029861 0.042593
33 0.525347 0.490278 0.015972 0.065741
33 0.445486 0.485185 0.074306 0.048148
33 0.460417 0.505556 0.034722 0.022222
33 0.858333 0.653241 0.013889 0.017593
33 0.736111 0.677315 0.013889 0.012037
33 0.320486 0.694907 0.009028 0.012037
33 0.492708 0.738426 0.025694 0.023148
33 0.381944 0.775926 0.018056 0.016667
33 0.412847 0.792593 0.009028 0.009259
33 0.432639 0.812500 0.011111 0.012037
33 0.202083 0.833333 0.012500 0.012963
33 0.367014 0.835185 0.010417 0.009259
33 0.364236 0.856019 0.007639 0.008333