33 0.499138 0.170000 0.050000 0.025714
33 0.581897 0.201429 0.043103 0.031429
33 0.456897 0.220000 0.072414 0.051429
33 0.470690 0.334286 0.034483 0.040000
33 0.530172 0.335714 0.032759 0.042857
33 0.327586 0.345714 0.072414 0.034286
33 0.565517 0.355714 0.037931 0.025714
33 0.477586 0.368571 0.020690 0.022857
33 0.187069 0.382857 0.029310 0.028571
33 0.211207 0.410000 0.043103 0.025714
33 0.235345 0.522857 0.046552 0.034286
33 0.563793 0.581429 0.024138 0.020000
33 0.490517 0.592857 0.032759 0.025714
33 0.601724 0.627143 0.048276 0.037143
33 0.709483 0.664286 0.039655 0.031429