33 0.711382 0.088618 0.086179 0.134959
33 0.615854 0.179675 0.018699 0.027642
33 0.605691 0.278455 0.104065 0.195935
33 0.552846 0.252439 0.045528 0.049593
33 0.519106 0.354878 0.018699 0.026829
33 0.680488 0.447561 0.043902 0.093496
33 0.532114 0.484959 0.030081 0.056098
33 0.418699 0.614634 0.056911 0.115447
33 0.614634 0.859756 0.029268 0.122764
33 0.335772 0.857317 0.026016 0.030081
33 0.378455 0.900000 0.062602 0.112195
33 0.748780 0.905691 0.052033 0.112195
33 0.408537 0.887805 0.021951 0.050407