33 0.405229 0.527574 0.043573 0.069853
33 0.375817 0.564951 0.032680 0.019608
33 0.448802 0.574142 0.021786 0.013480
33 0.452070 0.636642 0.023965 0.008578
33 0.383442 0.647672 0.017429 0.011029
33 0.452070 0.656863 0.015251 0.012255
33 0.291939 0.678309 0.030501 0.015931
33 0.457516 0.766544 0.043573 0.077206
33 0.411765 0.876838 0.021786 0.040441
33 0.871460 0.886029 0.056645 0.007353
33 0.901961 0.897059 0.061002 0.009804
33 0.404139 0.963848 0.028322 0.072304
33 0.374728 0.979779 0.017429 0.037990