33 0.694915 0.351711 0.101695 0.703422
33 0.474576 0.112167 0.042373 0.201521
33 0.320975 0.269962 0.065678 0.418251
33 0.231992 0.344106 0.065678 0.467681
33 0.414195 0.233840 0.027542 0.171103
33 0.516949 0.539924 0.021186 0.083650
33 0.423729 0.680608 0.029661 0.273764
33 0.460805 0.752852 0.036017 0.212928
33 0.536017 0.722433 0.029661 0.106464
33 0.570975 0.895437 0.040254 0.209125
33 0.443856 0.895437 0.023305 0.079848
33 0.293432 0.952471 0.031780 0.087452
33 0.443856 0.975285 0.027542 0.049430