33 0.301743 0.013480 0.037037 0.026961
33 0.458606 0.009804 0.023965 0.019608
33 0.466231 0.042279 0.013072 0.013480
33 0.458606 0.097426 0.023965 0.055147
33 0.331155 0.123162 0.056645 0.101716
33 0.513072 0.087010 0.019608 0.022059
33 0.594771 0.099877 0.021786 0.025735
33 0.371460 0.101716 0.019608 0.017157
33 0.389978 0.161765 0.043573 0.019608
33 0.462963 0.186887 0.023965 0.035539
33 0.542484 0.179534 0.021786 0.008578
33 0.886710 0.191789 0.021786 0.033088
33 0.425926 0.207721 0.037037 0.055147
33 0.507625 0.185049 0.026144 0.009804
33 0.486928 0.199755 0.019608 0.014706
33 0.513072 0.207108 0.032680 0.019608
33 0.116558 0.259804 0.023965 0.022059
33 0.852941 0.298407 0.032680 0.096814
33 0.476035 0.269608 0.019608 0.017157
33 0.358388 0.318015 0.023965 0.020833
33 0.403050 0.360294 0.021786 0.017157
33 0.836601 0.384804 0.043573 0.068627
33 0.230937 0.431985 0.039216 0.072304
33 0.174292 0.446078 0.061002 0.068627
33 0.327887 0.445466 0.028322 0.052696
33 0.366013 0.443015 0.021786 0.020833
33 0.831155 0.462010 0.041394 0.061275
33 0.388889 0.489583 0.032680 0.072304
33 0.783224 0.507966 0.019608 0.099265
33 0.946623 0.482843 0.023965 0.031863
33 0.800654 0.494485 0.015251 0.033088
33 0.922658 0.515931 0.028322 0.034314
33 0.823529 0.512255 0.026144 0.024510
33 0.970588 0.511029 0.019608 0.022059
33 0.249455 0.545343 0.037037 0.041667
33 0.319172 0.574755 0.054466 0.080882
33 0.807190 0.590686 0.023965 0.063725
33 0.189542 0.590074 0.021786 0.015931
33 0.220044 0.622549 0.047930 0.080882
33 0.405229 0.645833 0.039216 0.125000
33 0.782135 0.611520 0.021786 0.041667
33 0.263617 0.643995 0.030501 0.052696
33 0.801743 0.677696 0.017429 0.039216
33 0.306100 0.675858 0.019608 0.023284
33 0.531590 0.687500 0.078431 0.041667
33 0.877996 0.716912 0.244009 0.058824
33 0.156863 0.775123 0.178649 0.035539
33 0.114379 0.815564 0.023965 0.025735
33 0.199346 0.843750 0.037037 0.042892
33 0.261438 0.896446 0.052288 0.140931
33 0.687364 0.914216 0.315904 0.105392