33 0.099905 0.062719 0.027462 0.033333
33 0.428504 0.133553 0.025568 0.020614
33 0.235795 0.148684 0.009470 0.016667
33 0.179924 0.174123 0.009470 0.007895
33 0.208807 0.302851 0.023674 0.013596
33 0.223485 0.332675 0.034091 0.029386
33 0.256629 0.327193 0.026515 0.015789
33 0.293087 0.378947 0.012311 0.009649
33 0.881155 0.390789 0.008523 0.007895
33 0.276042 0.423904 0.010417 0.004825
33 0.272254 0.454825 0.012311 0.018421
33 0.574811 0.583333 0.013258 0.035088
33 0.910511 0.671491 0.017992 0.013158
33 0.924242 0.699781 0.015152 0.016228
33 0.044981 0.869298 0.027462 0.004386
33 0.057765 0.904386 0.062500 0.013158