33 0.467038 0.021575 0.021813 0.043149
33 0.509210 0.181302 0.040233 0.162755
33 0.128211 0.118092 0.017935 0.028766
33 0.164081 0.202120 0.022782 0.030280
33 0.636694 0.250946 0.041202 0.050719
33 0.621910 0.268736 0.041687 0.056018
33 0.701890 0.339137 0.073679 0.124148
33 0.433592 0.293338 0.015996 0.026495
33 0.328648 0.309235 0.025206 0.024981
33 0.801260 0.347843 0.045565 0.068887
33 0.668202 0.341408 0.012118 0.018168
33 0.415172 0.362983 0.027630 0.055261
33 0.379302 0.379637 0.021813 0.079485
33 0.735337 0.444360 0.033931 0.056018
33 0.388270 0.465178 0.022298 0.052233
33 0.325982 0.568509 0.031508 0.190765
33 0.366214 0.496215 0.019874 0.044663
33 0.761755 0.547313 0.019874 0.021196
33 0.359670 0.553369 0.014542 0.022710
33 0.641057 0.556018 0.019874 0.028009
33 0.389966 0.557532 0.009210 0.021953
33 0.669898 0.624905 0.037809 0.120363
33 0.920019 0.596139 0.092099 0.050719
33 0.707222 0.715367 0.175473 0.263437
33 0.816287 0.621877 0.050412 0.044663
33 0.355793 0.674111 0.036840 0.141559
33 0.887785 0.638531 0.077072 0.044663
33 0.964372 0.655185 0.068347 0.026495
33 0.624333 0.715367 0.024237 0.069644
33 0.431895 0.722180 0.038778 0.025738
33 0.895298 0.724073 0.021328 0.020439
33 0.629181 0.761166 0.024237 0.085541
33 0.840766 0.744512 0.035385 0.015897
33 0.574891 0.774792 0.021328 0.047691
33 0.254241 0.807343 0.080950 0.088569
33 0.383907 0.818698 0.155114 0.102195
33 0.603248 0.843301 0.035385 0.037850
33 0.448619 0.857684 0.028599 0.042392
33 0.525206 0.922029 0.015996 0.016654