33 0.867593 0.169725 0.025926 0.090433
33 0.385185 0.240498 0.038889 0.066841
33 0.094444 0.231979 0.025926 0.026212
33 0.074074 0.262779 0.042593 0.035387
33 0.148611 0.349279 0.036111 0.148100
33 0.191667 0.338794 0.020370 0.058978
33 0.245370 0.344037 0.016667 0.048493
33 0.223148 0.439056 0.025926 0.039318
33 0.289352 0.508519 0.021296 0.065531
33 0.148148 0.591088 0.066667 0.178244
33 0.026389 0.632372 0.052778 0.208388
33 0.756019 0.617955 0.028704 0.108781
33 0.297685 0.682176 0.034259 0.069463
33 0.079167 0.768676 0.023148 0.064220
33 0.313426 0.837484 0.045370 0.089122
33 0.067130 0.850590 0.026852 0.065531
33 0.462500 0.935780 0.108333 0.128440