33 0.826562 0.008792 0.018750 0.017585
33 0.825000 0.066823 0.110937 0.133646
33 0.773438 0.035756 0.043750 0.064478
33 0.794531 0.046307 0.023438 0.038687
33 0.866016 0.047479 0.027344 0.038687
33 0.458203 0.088511 0.021094 0.083236
33 0.496484 0.102579 0.007031 0.019930
33 0.486328 0.126026 0.014844 0.050410
33 0.847266 0.152989 0.027344 0.059789
33 0.762891 0.169988 0.046094 0.049238
33 0.817969 0.213365 0.026562 0.084408
33 0.564844 0.209261 0.057813 0.036342
33 0.698828 0.203400 0.014844 0.022274
33 0.516406 0.216295 0.009375 0.043376
33 0.639844 0.221571 0.048438 0.032825
33 0.730859 0.218640 0.013281 0.017585
33 0.800391 0.274912 0.014844 0.024619
33 0.405469 0.304807 0.012500 0.067995
33 0.788672 0.318875 0.019531 0.056272
33 0.501172 0.355803 0.021094 0.101993
33 0.826953 0.334115 0.053906 0.051583
33 0.865234 0.344666 0.078906 0.053927
33 0.541016 0.382181 0.014844 0.044549
33 0.801562 0.383939 0.026562 0.026964
33 0.773828 0.426143 0.022656 0.066823
33 0.413281 0.455451 0.012500 0.055100
33 0.528125 0.465416 0.009375 0.028136
33 0.826562 0.465416 0.071875 0.028136
33 0.450781 0.475967 0.012500 0.025791
33 0.518750 0.489449 0.009375 0.026964
33 0.065625 0.516413 0.012500 0.041032
33 0.416016 0.545721 0.013281 0.031653
33 0.448047 0.552169 0.011719 0.037515
33 0.568750 0.616061 0.018750 0.062134
33 0.548828 0.671161 0.011719 0.029308
33 0.441406 0.682884 0.009375 0.031653
33 0.580859 0.683470 0.010156 0.025791
33 0.557031 0.750879 0.014063 0.041032
33 0.572266 0.746776 0.008594 0.025791
33 0.420703 0.811254 0.014844 0.028136
33 0.421094 0.843494 0.014063 0.026964
33 0.572266 0.922626 0.016406 0.075029
33 0.626563 0.957796 0.009375 0.049238