38 0.581250 0.072233 0.647500 0.144465
38 0.417500 0.244841 0.040000 0.028143
38 0.046250 0.266417 0.042500 0.030019
38 0.263750 0.295497 0.042500 0.035647
38 0.131250 0.323640 0.057500 0.043152
38 0.046250 0.346154 0.037500 0.035647
38 0.260000 0.396811 0.050000 0.028143
38 0.160000 0.404315 0.040000 0.020638
38 0.625000 0.419325 0.030000 0.028143
38 0.707500 0.445591 0.045000 0.031895
38 0.470000 0.460600 0.040000 0.031895
38 0.535000 0.473734 0.070000 0.050657
38 0.115000 0.492495 0.050000 0.039400
38 0.032500 0.494371 0.035000 0.028143
38 0.271250 0.503752 0.052500 0.039400
38 0.198750 0.520638 0.037500 0.031895
38 0.426250 0.583490 0.127500 0.146341
38 0.596250 0.524390 0.042500 0.028143
38 0.657500 0.532833 0.045000 0.030019
38 0.227500 0.583490 0.060000 0.052533
38 0.057500 0.605066 0.040000 0.028143
38 0.686250 0.609756 0.032500 0.030019
38 0.023750 0.657598 0.047500 0.046904
38 0.266250 0.681989 0.072500 0.061914
38 0.391250 0.681051 0.047500 0.033771
38 0.702500 0.702627 0.030000 0.028143
38 0.596250 0.735460 0.042500 0.048780
38 0.172500 0.727017 0.040000 0.028143
38 0.338750 0.766417 0.092500 0.106942
38 0.680000 0.731707 0.030000 0.026266
38 0.540000 0.836773 0.065000 0.026266
38 0.577500 0.888368 0.050000 0.031895
38 0.413750 0.923077 0.052500 0.030019
38 0.601250 0.951220 0.037500 0.026266
38 0.528750 0.969043 0.067500 0.028143