38 0.496291 0.142539 0.034125 0.062361
38 0.462908 0.420935 0.676558 0.610245
38 0.770030 0.206013 0.023739 0.033408
38 0.514095 0.221604 0.037092 0.055679
38 0.693620 0.252784 0.028190 0.051225
38 0.913205 0.266147 0.025223 0.046771
38 0.929525 0.335189 0.019288 0.024499
38 0.884273 0.376392 0.044510 0.044543
38 0.974036 0.390869 0.031157 0.046771
38 0.090504 0.405345 0.023739 0.035635
38 0.112760 0.453229 0.023739 0.042316
38 0.212166 0.581292 0.032641 0.040089
38 0.382047 0.664811 0.028190 0.055679
38 0.468101 0.722717 0.031157 0.046771
38 0.091988 0.750557 0.050445 0.071269
38 0.393175 0.757238 0.032641 0.048998
38 0.301929 0.781737 0.040059 0.062361
38 0.632789 0.768374 0.034125 0.035635
38 0.704006 0.797327 0.025223 0.044543
38 0.169881 0.868597 0.028190 0.044543
38 0.503709 0.979955 0.022255 0.031180
38 0.204748 0.987751 0.044510 0.024499