38 0.503255 0.478027 0.993490 0.709961
38 0.561849 0.801758 0.027344 0.041016
38 0.139974 0.817383 0.023438 0.041016
38 0.864909 0.817871 0.018880 0.026367
38 0.621094 0.862305 0.054688 0.107422
38 0.783854 0.875977 0.063802 0.134766
38 0.708333 0.838867 0.026042 0.029297
38 0.407227 0.841309 0.018880 0.026367
38 0.346029 0.872070 0.048828 0.068359
38 0.887044 0.897461 0.111328 0.101562
38 0.298828 0.863281 0.014323 0.021484
38 0.979167 0.897461 0.033854 0.050781
38 0.400716 0.912598 0.027995 0.063477
38 0.297201 0.958984 0.025391 0.041016
38 0.464844 0.965332 0.037760 0.053711
38 0.205404 0.956543 0.020182 0.026367
38 0.243164 0.967285 0.014974 0.024414
38 0.525391 0.990234 0.083333 0.017578