38 0.328333 0.087302 0.033333 0.073016
38 0.817917 0.189683 0.022500 0.033333
38 0.230833 0.319048 0.035000 0.073016
38 0.790417 0.347619 0.019167 0.038095
38 0.610417 0.366667 0.017500 0.041270
38 0.499167 0.402381 0.031667 0.058730
38 0.952083 0.407937 0.039167 0.066667
38 0.558750 0.445238 0.014167 0.042857
38 0.342083 0.495238 0.079167 0.120635
38 0.809583 0.497619 0.032500 0.046032
38 0.617083 0.568254 0.065833 0.142857
38 0.532500 0.710317 0.025000 0.061905
38 0.209583 0.766667 0.045833 0.057143
38 0.661250 0.837302 0.110833 0.160317
38 0.488333 0.796825 0.028333 0.060317
38 0.119583 0.782540 0.024167 0.028571
38 0.333333 0.791270 0.023333 0.039683
38 0.167083 0.818254 0.014167 0.023810
38 0.775833 0.844444 0.021667 0.034921
38 0.117083 0.854762 0.032500 0.030159
38 0.340417 0.875397 0.067500 0.049206
38 0.070833 0.945238 0.050000 0.109524
38 0.473750 0.971429 0.025833 0.031746
38 0.655000 0.984921 0.035000 0.026984