38 0.618353 0.080000 0.149228 0.035000
38 0.557461 0.169583 0.511149 0.105833
38 0.878216 0.229167 0.092624 0.045000
38 0.326758 0.262500 0.094340 0.026667
38 0.172384 0.282917 0.060034 0.025833
38 0.491424 0.337083 0.307033 0.122500
38 0.908233 0.313750 0.060034 0.025833
38 0.822470 0.398333 0.204117 0.050000
38 0.440823 0.420000 0.054889 0.021667
38 0.791595 0.455833 0.049743 0.023333
38 0.413379 0.463333 0.044597 0.021667
38 0.726415 0.495833 0.077187 0.048333
38 0.362779 0.542500 0.327616 0.103333
38 0.797599 0.892917 0.048027 0.022500