40 0.597982 0.022135 0.063151 0.039062
40 0.139974 0.022569 0.050781 0.036458
40 0.449219 0.091146 0.028646 0.041667
40 0.647786 0.092014 0.041667 0.043403
40 0.986003 0.201389 0.027995 0.046875
40 0.075195 0.248264 0.143880 0.125000
40 0.578125 0.326823 0.071615 0.101562
40 0.303385 0.342882 0.123698 0.102431
40 0.869141 0.356337 0.083333 0.084201
40 0.988932 0.353733 0.022135 0.063368
40 0.538737 0.500434 0.181641 0.259549
40 0.753255 0.448785 0.052083 0.111111
40 0.287109 0.544705 0.110677 0.144965
40 0.036458 0.528212 0.042969 0.047743
40 0.091471 0.583333 0.038411 0.041667
40 0.653971 0.716146 0.112630 0.163194
40 0.089518 0.769965 0.094401 0.104167
40 0.958659 0.771267 0.029297 0.039062
40 0.186849 0.850694 0.153646 0.177083
40 0.607422 0.875868 0.135417 0.156250