38 0.109009 0.034954 0.023423 0.045593
38 0.045946 0.139818 0.023423 0.036474
38 0.463964 0.296353 0.019820 0.039514
38 0.481081 0.344985 0.021622 0.039514
38 0.720721 0.341945 0.018018 0.033435
38 0.093694 0.341945 0.021622 0.027356
38 0.043243 0.358663 0.018018 0.036474
38 0.181982 0.363222 0.021622 0.027356
38 0.219820 0.408815 0.025225 0.027356
38 0.703604 0.413374 0.019820 0.030395
38 0.647748 0.430091 0.019820 0.033435
38 0.075676 0.474164 0.025225 0.036474
38 0.499099 0.516717 0.025225 0.030395
38 0.579279 0.516717 0.019820 0.036474
38 0.009009 0.531915 0.018018 0.036474
38 0.385586 0.539514 0.025225 0.057751
38 0.664865 0.557751 0.039640 0.082067
38 0.243243 0.621581 0.021622 0.033435
38 0.725225 0.636778 0.019820 0.033435
38 0.122523 0.648936 0.028829 0.039514
38 0.460360 0.650456 0.016216 0.036474
38 0.711712 0.717325 0.025225 0.042553
38 0.413514 0.726444 0.019820 0.048632
38 0.645045 0.768997 0.018018 0.042553
38 0.467568 0.785714 0.019820 0.033435
38 0.563063 0.799392 0.019820 0.030395
38 0.208108 0.841945 0.027027 0.036474
38 0.035135 0.854103 0.016216 0.030395
38 0.384685 0.863222 0.027027 0.036474
38 0.149550 0.954407 0.021622 0.042553
38 0.540541 0.954407 0.025225 0.042553
38 0.074775 0.980243 0.030631 0.033435