38 0.417315 0.040936 0.048638 0.058480
38 0.557393 0.052632 0.036965 0.058480
38 0.703307 0.081871 0.040856 0.040936
38 0.331712 0.111111 0.033074 0.052632
38 0.668288 0.134503 0.048638 0.070175
38 0.128405 0.172515 0.046693 0.105263
38 0.479572 0.178363 0.036965 0.058480
38 0.399805 0.188596 0.040856 0.049708
38 0.862840 0.179825 0.036965 0.032164
38 0.178988 0.204678 0.046693 0.064327
38 0.804475 0.222222 0.044747 0.058480
38 0.563230 0.269006 0.040856 0.046784
38 0.640078 0.280702 0.019455 0.029240
38 0.130350 0.337719 0.089494 0.119883
38 0.616732 0.312865 0.023346 0.040936
38 0.243191 0.331871 0.042802 0.061404
38 0.885214 0.342105 0.035019 0.058480
38 0.527237 0.331871 0.031128 0.032164
38 0.826848 0.390351 0.066148 0.125731
38 0.711089 0.400585 0.091440 0.105263
38 0.566148 0.441520 0.077821 0.140351
38 0.245136 0.441520 0.054475 0.070175
38 0.124514 0.527778 0.097276 0.137427
38 0.209144 0.476608 0.025292 0.035088
38 0.468872 0.558480 0.147860 0.204678
38 0.668288 0.501462 0.068093 0.073099
38 0.250973 0.631579 0.035019 0.052632
38 0.614786 0.637427 0.023346 0.040936
38 0.227626 0.687135 0.027237 0.035088
38 0.486381 0.755848 0.237354 0.172515
38 0.173152 0.752924 0.035019 0.049708