38 0.426698 0.389463 0.279321 0.355372
38 0.619985 0.254132 0.017747 0.022727
38 0.602238 0.368802 0.064043 0.136364
38 0.503472 0.539256 0.130401 0.208678
38 0.638889 0.574897 0.148148 0.217975
38 0.410880 0.530475 0.011574 0.019628
38 0.384645 0.538740 0.025463 0.029959
38 0.677469 0.555269 0.033951 0.044421
38 0.369985 0.572314 0.010031 0.020661
38 0.418596 0.589876 0.017747 0.018595
38 0.386960 0.606921 0.014660 0.019628
38 0.363812 0.612087 0.011574 0.019628
38 0.409722 0.614669 0.013889 0.018595
38 0.366512 0.651343 0.012346 0.015496
38 0.385417 0.662707 0.014660 0.023760