38 0.041667 0.090741 0.027778 0.045679
38 0.051389 0.177778 0.039815 0.037037
38 0.501389 0.511728 0.680556 0.702469
38 0.057407 0.225309 0.024074 0.030864
38 0.908333 0.237654 0.016667 0.025926
38 0.944907 0.275309 0.023148 0.049383
38 0.806019 0.339506 0.019444 0.027160
38 0.897222 0.427160 0.035185 0.056790
38 0.835185 0.495062 0.020370 0.024691
38 0.036574 0.535802 0.052778 0.064198
38 0.069444 0.587654 0.029630 0.037037
38 0.112963 0.635185 0.020370 0.030864
38 0.221759 0.665432 0.028704 0.029630
38 0.144907 0.708025 0.028704 0.030864
38 0.032870 0.811728 0.065741 0.166667
38 0.165741 0.793827 0.038889 0.044444
38 0.116667 0.807407 0.035185 0.064198
38 0.215741 0.812346 0.042593 0.049383
38 0.276852 0.826543 0.024074 0.035802
38 0.025926 0.957407 0.046296 0.082716
38 0.294907 0.972840 0.047222 0.051852