38 0.498239 0.143486 0.034038 0.058099
38 0.409038 0.162852 0.038732 0.058099
38 0.459507 0.455106 0.672535 0.551056
38 0.769953 0.205106 0.023474 0.033451
38 0.516432 0.222711 0.037559 0.054577
38 0.695423 0.251761 0.029343 0.038732
38 0.913146 0.269366 0.025822 0.035211
38 0.619131 0.276408 0.029343 0.038732
38 0.931925 0.334507 0.016432 0.028169
38 0.672535 0.361796 0.030516 0.040493
38 0.883803 0.380282 0.035211 0.028169
38 0.975352 0.393486 0.023474 0.033451
38 0.093310 0.402289 0.024648 0.040493
38 0.114437 0.453345 0.026995 0.047535
38 0.193075 0.469190 0.026995 0.044014
38 0.211854 0.581866 0.029343 0.036972
38 0.384390 0.662852 0.034038 0.044014
38 0.468897 0.721831 0.026995 0.042254
38 0.092136 0.749120 0.045775 0.065141
38 0.392019 0.756162 0.030516 0.047535
38 0.302230 0.784331 0.041080 0.058099
38 0.701291 0.800176 0.034038 0.040493
38 0.500587 0.977993 0.026995 0.033451