38 0.620833 0.072778 0.036667 0.034444
38 0.803750 0.096111 0.020833 0.023333
38 0.323750 0.112778 0.035833 0.032222
38 0.733333 0.113889 0.015000 0.025556
38 0.221667 0.133333 0.018333 0.033333
38 0.882500 0.173889 0.028333 0.032222
38 0.530000 0.206111 0.030000 0.052222
38 0.183333 0.205556 0.020000 0.033333
38 0.440000 0.226111 0.046667 0.070000
38 0.835833 0.238333 0.036667 0.047778
38 0.189167 0.264444 0.041667 0.051111
38 0.150000 0.324444 0.075000 0.048889
38 0.332500 0.334444 0.038333 0.042222
38 0.029583 0.349444 0.027500 0.034444
38 0.417083 0.367778 0.032500 0.044444
38 0.356667 0.373889 0.043333 0.050000
38 0.290833 0.376111 0.033333 0.041111
38 0.830833 0.404444 0.121667 0.088889
38 0.528333 0.415556 0.036667 0.053333
38 0.232083 0.445000 0.022500 0.038889
38 0.112500 0.458889 0.041667 0.051111
38 0.892083 0.487222 0.090833 0.087778
38 0.067500 0.483333 0.033333 0.040000
38 0.502917 0.625556 0.150833 0.300000
38 0.255000 0.517778 0.021667 0.024444
38 0.583333 0.527222 0.028333 0.032222
38 0.200000 0.534444 0.026667 0.040000
38 0.703333 0.543889 0.030000 0.038889
38 0.634583 0.557222 0.020833 0.030000
38 0.899583 0.580556 0.030833 0.056667
38 0.822083 0.570556 0.019167 0.034444
38 0.118333 0.652222 0.090000 0.102222
38 0.778750 0.767778 0.262500 0.277778
38 0.943333 0.661111 0.030000 0.033333
38 0.983750 0.715556 0.032500 0.051111
38 0.250833 0.757778 0.030000 0.044444
38 0.864167 0.793333 0.051667 0.057778
38 0.811250 0.796111 0.024167 0.030000
38 0.313750 0.802222 0.029167 0.040000
38 0.493333 0.820000 0.041667 0.057778
38 0.158333 0.812778 0.035000 0.027778
38 0.411250 0.822778 0.034167 0.050000
38 0.807083 0.871111 0.032500 0.033333
38 0.446667 0.880000 0.023333 0.031111
38 0.698750 0.943333 0.027500 0.031111