38 0.201005 0.037092 0.033501 0.044510
38 0.346734 0.037092 0.043551 0.032641
38 0.438023 0.048961 0.045226 0.050445
38 0.123953 0.091988 0.070352 0.089021
38 0.162479 0.173591 0.046901 0.074184
38 0.302345 0.178042 0.035176 0.065282
38 0.051926 0.215134 0.050251 0.103858
38 0.575377 0.246291 0.041876 0.089021
38 0.129816 0.253709 0.031826 0.056380
38 0.270519 0.341246 0.175879 0.178042
38 0.438861 0.301187 0.043551 0.080119
38 0.538526 0.302671 0.045226 0.065282
38 0.009213 0.321958 0.018425 0.080119
38 0.425461 0.382789 0.016750 0.041543
38 0.053601 0.394659 0.026801 0.047478
38 0.631491 0.430267 0.043551 0.106825
38 0.487437 0.461424 0.023451 0.032641
38 0.788945 0.489614 0.046901 0.083086
38 0.306533 0.520772 0.023451 0.050445
38 0.731993 0.683976 0.140704 0.264095
38 0.478224 0.620178 0.061977 0.065282
38 0.407873 0.629080 0.028476 0.047478
38 0.915410 0.673591 0.035176 0.053412
38 0.275544 0.701780 0.048576 0.091988
38 0.382747 0.741840 0.055276 0.071217
38 0.167504 0.732938 0.023451 0.041543
38 0.597152 0.770030 0.058626 0.074184
38 0.547739 0.759644 0.033501 0.041543
38 0.259631 0.853116 0.043551 0.109792
38 0.417085 0.827893 0.036851 0.059347
38 0.180067 0.854599 0.025126 0.041543
38 0.411223 0.888724 0.182580 0.068249
38 0.071189 0.888724 0.025126 0.044510