38 0.496667 0.071875 0.446667 0.143750
38 0.775000 0.036250 0.060000 0.072500
38 0.871667 0.009375 0.066667 0.018750
38 0.596667 0.189375 0.076667 0.046250
38 0.419167 0.247500 0.031667 0.025000
38 0.050000 0.267500 0.033333 0.025000
38 0.268333 0.287500 0.040000 0.032500
38 0.129167 0.324375 0.068333 0.041250
38 0.049167 0.343750 0.041667 0.027500
38 0.279167 0.353750 0.031667 0.022500
38 0.262500 0.398750 0.041667 0.030000
38 0.157500 0.401250 0.028333 0.025000
38 0.627500 0.420000 0.031667 0.022500
38 0.020000 0.427500 0.030000 0.025000
38 0.469167 0.451250 0.038333 0.047500
38 0.702500 0.445625 0.048333 0.036250
38 0.535000 0.475000 0.066667 0.055000
38 0.031667 0.489375 0.036667 0.026250
38 0.116667 0.494375 0.043333 0.033750
38 0.265833 0.503125 0.038333 0.033750
38 0.419167 0.600625 0.118333 0.201250
38 0.200000 0.521875 0.040000 0.031250
38 0.599167 0.520625 0.038333 0.026250
38 0.652500 0.530625 0.031667 0.023750
38 0.379167 0.535625 0.035000 0.023750
38 0.759167 0.591250 0.065000 0.117500
38 0.230000 0.579375 0.053333 0.053750
38 0.318333 0.576250 0.033333 0.025000
38 0.686667 0.606250 0.036667 0.032500
38 0.058333 0.604375 0.036667 0.023750
38 0.020000 0.655625 0.040000 0.048750
38 0.267500 0.680625 0.071667 0.063750
38 0.705833 0.704375 0.025000 0.031250
38 0.340000 0.753125 0.093333 0.126250
38 0.169167 0.725000 0.041667 0.032500
38 0.596667 0.734375 0.053333 0.048750
38 0.677500 0.730000 0.038333 0.027500
38 0.277500 0.810625 0.028333 0.018750
38 0.538333 0.838125 0.070000 0.031250
38 0.441667 0.888750 0.053333 0.035000
38 0.580833 0.888125 0.045000 0.031250
38 0.416667 0.922500 0.056667 0.030000
38 0.679167 0.948125 0.041667 0.021250
38 0.601667 0.950000 0.043333 0.020000
38 0.531667 0.972500 0.080000 0.027500
38 0.216667 0.980000 0.030000 0.020000