38 0.980000 0.109735 0.021176 0.035398
38 0.563529 0.184956 0.063529 0.054867
38 0.475882 0.277876 0.114118 0.169912
38 0.658824 0.218584 0.028235 0.040708
38 0.724118 0.223894 0.022353 0.033628
38 0.320588 0.330088 0.107059 0.136283
38 0.618235 0.306195 0.022353 0.042478
38 0.708235 0.336283 0.054118 0.092035
38 0.828824 0.319469 0.027059 0.040708
38 0.570000 0.326549 0.031765 0.047788
38 0.141176 0.323009 0.018824 0.030088
38 0.390000 0.346018 0.024706 0.033628
38 0.150588 0.384956 0.028235 0.040708
38 0.661765 0.377876 0.012941 0.026549
38 0.532941 0.407965 0.037647 0.058407
38 0.314118 0.460177 0.084706 0.116814
38 0.387647 0.423894 0.031765 0.044248
38 0.155294 0.445133 0.021176 0.033628
38 0.443529 0.455752 0.028235 0.047788
38 0.234118 0.517699 0.058824 0.146903
38 0.113529 0.496460 0.104706 0.100885
38 0.599412 0.461947 0.022353 0.031858
38 0.558235 0.494690 0.036471 0.079646
38 0.643529 0.496460 0.021176 0.037168
38 0.728824 0.549558 0.029412 0.051327
38 0.151765 0.590265 0.025882 0.047788
38 0.317647 0.606195 0.072941 0.069027
38 0.396471 0.613274 0.032941 0.061947
38 0.462941 0.645133 0.076471 0.090265
38 0.555882 0.619469 0.017647 0.024779
38 0.753529 0.682301 0.024706 0.044248
38 0.254706 0.684071 0.020000 0.030088
38 0.377059 0.736283 0.081176 0.120354
38 0.876471 0.790265 0.080000 0.178761
38 0.701765 0.740708 0.041176 0.054867
38 0.532941 0.766372 0.056471 0.081416
38 0.464118 0.776106 0.024706 0.037168
38 0.610588 0.813274 0.023529 0.033628
38 0.710000 0.834513 0.024706 0.033628
38 0.639412 0.869912 0.022353 0.040708
38 0.473529 0.868142 0.020000 0.023009
38 0.533529 0.900000 0.038824 0.044248
38 0.772941 0.897345 0.025882 0.038938
38 0.950000 0.922124 0.041176 0.049558
38 0.618824 0.937168 0.030588 0.047788
38 0.083529 0.971681 0.021176 0.028319
38 0.163529 0.989381 0.040000 0.021239
38 0.880000 0.988496 0.025882 0.023009