38 0.500588 0.067468 0.097647 0.134935
38 0.321176 0.033272 0.061176 0.040665
38 0.139412 0.128466 0.027059 0.049908
38 0.372941 0.133087 0.037647 0.048059
38 0.254118 0.185767 0.072941 0.053604
38 0.343529 0.195009 0.021176 0.038817
38 0.448235 0.194085 0.021176 0.040665
38 0.534706 0.202403 0.022353 0.038817
38 0.392941 0.207948 0.025882 0.042514
38 0.614706 0.250462 0.038824 0.094270
38 0.188824 0.273567 0.034118 0.092421
38 0.259412 0.321627 0.088235 0.125693
38 0.394706 0.275416 0.017647 0.029575
38 0.514706 0.324399 0.027059 0.042514
38 0.582941 0.349353 0.052941 0.059150
38 0.470000 0.356747 0.027059 0.066543
38 0.358235 0.355823 0.027059 0.038817
38 0.395882 0.370610 0.034118 0.049908
38 0.721176 0.381701 0.058824 0.053604
38 0.155294 0.446396 0.077647 0.157116
38 0.425294 0.457486 0.050588 0.131238
38 0.359412 0.454713 0.062353 0.092421
38 0.480000 0.442699 0.035294 0.049908
38 0.774706 0.446396 0.034118 0.049908
38 0.607059 0.479667 0.040000 0.053604
38 0.693529 0.492606 0.031765 0.053604
38 0.893529 0.511091 0.041176 0.060998
38 0.967059 0.547135 0.025882 0.036969
38 0.401176 0.617375 0.096471 0.151571
38 0.250588 0.587800 0.023529 0.059150
38 0.482353 0.588725 0.018824 0.035120
38 0.761176 0.626617 0.028235 0.040665
38 0.796471 0.642329 0.030588 0.046211
38 0.220000 0.686691 0.089412 0.120148
38 0.522353 0.643253 0.021176 0.036969
38 0.281765 0.658965 0.029412 0.049908
38 0.577647 0.688540 0.021176 0.035120
38 0.815294 0.709797 0.025882 0.040665
38 0.654706 0.765250 0.024706 0.033272
38 0.239412 0.801294 0.024706 0.049908
38 0.335882 0.820702 0.031765 0.048059
38 0.397647 0.835490 0.030588 0.040665
38 0.488235 0.947320 0.023529 0.035120