38 0.555031 0.014446 0.027516 0.026533
38 0.977987 0.049823 0.029088 0.022995
38 0.562107 0.091392 0.023585 0.027123
38 0.764151 0.089328 0.012579 0.020637
38 0.909984 0.099941 0.019654 0.038325
38 0.765134 0.132370 0.017689 0.025354
38 0.504324 0.137972 0.017296 0.020047
38 0.907626 0.145637 0.014937 0.025943
38 0.535770 0.197229 0.041667 0.028892
38 0.650550 0.206368 0.022013 0.029481
38 0.441038 0.543927 0.751572 0.646816
38 0.655267 0.272111 0.033805 0.035967
38 0.863601 0.291568 0.036164 0.041863
38 0.696934 0.283314 0.015723 0.022995
38 0.935535 0.295696 0.013365 0.022995
38 0.987421 0.301592 0.025157 0.022995
38 0.727594 0.361439 0.058176 0.033019
38 0.755896 0.434552 0.055031 0.035377
38 0.262186 0.884434 0.022013 0.031840
38 0.347288 0.882370 0.020047 0.022995
38 0.090409 0.899469 0.022799 0.034788
38 0.429442 0.932193 0.024764 0.038915