38 0.701172 0.500651 0.597656 0.998698
38 0.311035 0.128906 0.045898 0.072917
38 0.577637 0.149089 0.028320 0.024740
38 0.340332 0.281901 0.059570 0.069010
38 0.519043 0.303385 0.024414 0.039062
38 0.154785 0.406250 0.157227 0.236979
38 0.368652 0.509115 0.051758 0.057292
38 0.237793 0.537760 0.038086 0.054688
38 0.094238 0.600260 0.030273 0.033854
38 0.530762 0.822917 0.065430 0.054688
38 0.902832 0.955729 0.028320 0.046875
38 0.616699 0.973958 0.049805 0.046875
38 0.974609 0.988932 0.023438 0.019531