38 0.499167 0.102500 0.038333 0.080000
38 0.413333 0.127500 0.043333 0.075000
38 0.161667 0.200000 0.073333 0.105000
38 0.449167 0.455000 0.541667 0.600000
38 0.520000 0.193750 0.036667 0.067500
38 0.695833 0.230000 0.038333 0.065000
38 0.915000 0.247500 0.033333 0.055000
38 0.620833 0.256250 0.028333 0.047500
38 0.928333 0.322500 0.030000 0.040000
38 0.673333 0.352500 0.033333 0.050000
38 0.885833 0.372500 0.045000 0.050000
38 0.979167 0.383750 0.035000 0.052500
38 0.090000 0.398750 0.033333 0.052500
38 0.748333 0.462500 0.103333 0.130000
38 0.110833 0.452500 0.031667 0.055000
38 0.190833 0.476250 0.035000 0.052500
38 0.385000 0.688750 0.033333 0.047500
38 0.470833 0.753750 0.035000 0.052500
38 0.089167 0.788750 0.045000 0.077500
38 0.393333 0.793750 0.030000 0.052500
38 0.300833 0.822500 0.045000 0.070000
38 0.705833 0.841250 0.031667 0.047500