38 0.458920 0.415493 0.666667 0.612676
38 0.411385 0.159331 0.036385 0.061620
38 0.770540 0.205106 0.029343 0.029930
38 0.690728 0.250880 0.029343 0.044014
38 0.921948 0.325704 0.127934 0.186620
38 0.090376 0.404049 0.025822 0.044014
38 0.110915 0.453345 0.024648 0.047535
38 0.196009 0.472711 0.032864 0.047535
38 0.385563 0.665493 0.034038 0.042254
38 0.469484 0.722711 0.030516 0.051056
38 0.092723 0.747359 0.046948 0.068662
38 0.392019 0.755282 0.025822 0.042254
38 0.303404 0.784331 0.038732 0.061620
38 0.698357 0.797535 0.035211 0.049296