38 0.127344 0.283333 0.026562 0.029167
38 0.163281 0.286458 0.029687 0.039583
38 0.024219 0.305208 0.045312 0.056250
38 0.507031 0.386458 0.185938 0.210417
38 0.316406 0.345833 0.042188 0.050000
38 0.092188 0.345833 0.050000 0.037500
38 0.774219 0.356250 0.029687 0.025000
38 0.906250 0.372917 0.034375 0.037500
38 0.139063 0.388542 0.025000 0.043750
38 0.147656 0.371875 0.001563 0.002083
38 0.085938 0.413542 0.028125 0.035417
38 0.343750 0.520833 0.075000 0.241667
38 0.834375 0.414583 0.025000 0.025000
38 0.279687 0.430208 0.037500 0.047917
38 0.687500 0.430208 0.028125 0.035417
38 0.137500 0.440625 0.021875 0.022917
38 0.398438 0.468750 0.015625 0.029167
38 0.736719 0.476042 0.020313 0.031250
38 0.635156 0.501042 0.035937 0.039583
38 0.043750 0.501042 0.025000 0.031250
38 0.432031 0.538542 0.064062 0.077083
38 0.708594 0.537500 0.023438 0.037500
38 0.254688 0.558333 0.031250 0.041667
38 0.511719 0.589583 0.107813 0.095833
38 0.682031 0.583333 0.020313 0.025000
38 0.121094 0.602083 0.026562 0.037500
38 0.573438 0.635417 0.059375 0.050000
38 0.265625 0.633333 0.018750 0.037500
38 0.397656 0.669792 0.082812 0.085417
38 0.225000 0.647917 0.015625 0.033333
38 0.291406 0.683333 0.054688 0.108333
38 0.467969 0.669792 0.020313 0.027083
38 0.498437 0.687500 0.031250 0.029167
38 0.096875 0.702083 0.034375 0.025000
38 0.035156 0.718750 0.020313 0.029167
38 0.425781 0.728125 0.045312 0.039583
38 0.010937 0.736458 0.021875 0.022917
38 0.370312 0.744792 0.031250 0.039583
38 0.248438 0.757292 0.025000 0.031250
38 0.070312 0.756250 0.018750 0.016667
38 0.007812 0.786458 0.015625 0.031250
38 0.021094 0.891667 0.026562 0.058333
38 0.203906 0.952083 0.057813 0.079167
38 0.114844 0.946875 0.045312 0.047917
38 0.056250 0.959375 0.021875 0.027083