38 0.960000 0.034007 0.065000 0.064338
38 0.770625 0.067096 0.031250 0.049632
38 0.451250 0.071691 0.017500 0.033088
38 0.327500 0.182904 0.035000 0.056985
38 0.816875 0.258272 0.023750 0.031250
38 0.227500 0.356618 0.035000 0.062500
38 0.565625 0.490809 0.166250 0.242647
38 0.772500 0.387868 0.052500 0.036765
38 0.955625 0.429228 0.033750 0.056985
38 0.340625 0.497243 0.078750 0.093750
38 0.810000 0.499081 0.030000 0.038603
38 0.510000 0.697610 0.072500 0.115809
38 0.170000 0.732537 0.125000 0.104779
38 0.341875 0.757353 0.063750 0.117647
38 0.666250 0.827206 0.120000 0.198529
38 0.775000 0.766544 0.022500 0.029412
38 0.073750 0.854779 0.047500 0.106618
38 0.467500 0.902574 0.030000 0.102941
38 0.622500 0.990809 0.025000 0.018382