38 0.530833 0.034127 0.025000 0.049206
38 0.138750 0.049206 0.027500 0.063492
38 0.371667 0.134127 0.078333 0.236508
38 0.245000 0.230159 0.133333 0.276190
38 0.450417 0.137302 0.025833 0.049206
38 0.538750 0.138095 0.024167 0.047619
38 0.610833 0.200000 0.041667 0.117460
38 0.511667 0.289683 0.038333 0.061905
38 0.469583 0.325397 0.032500 0.098413
38 0.582083 0.313492 0.050833 0.071429
38 0.380417 0.415873 0.139167 0.225397
38 0.718333 0.353175 0.053333 0.071429
38 0.158333 0.434127 0.075000 0.201587
38 0.478750 0.433333 0.037500 0.063492
38 0.770833 0.436508 0.041667 0.066667
38 0.606667 0.473016 0.036667 0.066667
38 0.694167 0.484127 0.035000 0.066667
38 0.890417 0.513492 0.042500 0.074603
38 0.967917 0.557143 0.019167 0.041270
38 0.402917 0.638889 0.095833 0.182540
38 0.255417 0.562698 0.000833 0.001587
38 0.257500 0.564286 0.001667 0.001587
38 0.266250 0.641270 0.065833 0.152381
38 0.482083 0.604762 0.019167 0.034921
38 0.761250 0.650000 0.029167 0.052381
38 0.519583 0.672222 0.025833 0.055556
38 0.795417 0.676984 0.032500 0.055556
38 0.220833 0.752381 0.088333 0.092063
38 0.576667 0.727778 0.018333 0.036508
38 0.814583 0.753968 0.032500 0.050794
38 0.652917 0.814286 0.029167 0.050794
38 0.238750 0.867460 0.030833 0.055556
38 0.337500 0.890476 0.021667 0.044444
38 0.397500 0.911905 0.033333 0.046032
38 0.439167 0.916667 0.025000 0.033333