38 0.082031 0.011719 0.031250 0.023438
38 0.357422 0.022461 0.037760 0.044922
38 0.452474 0.016602 0.022135 0.033203
38 0.019531 0.047852 0.033854 0.044922
38 0.139323 0.056641 0.023438 0.031250
38 0.468099 0.060547 0.022135 0.027344
38 0.367839 0.145508 0.134115 0.111328
38 0.257812 0.162109 0.033854 0.074219
38 0.197266 0.164062 0.024740 0.035156
38 0.122396 0.166016 0.023438 0.031250
38 0.509115 0.219727 0.046875 0.060547
38 0.574870 0.204102 0.032552 0.025391
38 0.604167 0.224609 0.023438 0.031250
38 0.349609 0.238281 0.042969 0.054688
38 0.470703 0.234375 0.029948 0.039062
38 0.627604 0.302734 0.072917 0.144531
38 0.194010 0.250977 0.020833 0.029297
38 0.272786 0.276367 0.042969 0.068359
38 0.731120 0.279297 0.024740 0.035156
38 0.706380 0.309570 0.024740 0.029297
38 0.371745 0.331055 0.027344 0.041016
38 0.427734 0.333008 0.048177 0.044922
38 0.067057 0.347656 0.024740 0.031250
38 0.301432 0.406250 0.022135 0.035156
38 0.647135 0.412109 0.026042 0.050781
38 0.529948 0.413086 0.023438 0.033203
38 0.432292 0.443359 0.020833 0.027344
38 0.537109 0.471680 0.037760 0.068359
38 0.233073 0.508789 0.049479 0.095703
38 0.386719 0.501953 0.026042 0.027344
38 0.302083 0.541992 0.059896 0.099609
38 0.072917 0.528320 0.033854 0.064453
38 0.393229 0.552734 0.036458 0.054688
38 0.462891 0.550781 0.042969 0.046875
38 0.490885 0.584961 0.036458 0.056641
38 0.167969 0.583984 0.023438 0.031250
38 0.113932 0.618164 0.040365 0.056641
38 0.192708 0.637695 0.041667 0.068359
38 0.147135 0.620117 0.015625 0.029297
38 0.293620 0.630859 0.022135 0.042969
38 0.166016 0.692383 0.061198 0.064453
38 0.390625 0.720703 0.031250 0.027344