38 0.175000 0.252778 0.055000 0.083333
38 0.492500 0.275556 0.036667 0.037778
38 0.588333 0.298889 0.026667 0.028889
38 0.565000 0.330556 0.021667 0.023333
38 0.600417 0.343889 0.020833 0.025556
38 0.540000 0.364444 0.023333 0.037778
38 0.838750 0.400000 0.034167 0.033333
38 0.464167 0.461111 0.041667 0.097778
38 0.568750 0.438889 0.032500 0.051111
38 0.371250 0.493889 0.029167 0.036667
38 0.596667 0.566111 0.025000 0.023333
38 0.417083 0.607222 0.024167 0.030000
38 0.544583 0.677222 0.097500 0.123333
38 0.332500 0.675556 0.050000 0.044444
38 0.138333 0.734444 0.030000 0.033333