38 0.018229 0.034668 0.029948 0.034180
38 0.916992 0.166992 0.166016 0.240234
38 0.231120 0.224609 0.026042 0.042969
38 0.471680 0.229492 0.054036 0.044922
38 0.145508 0.296875 0.051432 0.066406
38 0.472982 0.285156 0.025391 0.035156
38 0.652995 0.298828 0.032552 0.042969
38 0.787760 0.292969 0.029948 0.029297
38 0.021159 0.347168 0.042318 0.135742
38 0.386068 0.308105 0.027344 0.040039
38 0.706706 0.333984 0.024089 0.041016
38 0.275716 0.333496 0.029297 0.038086
38 0.551107 0.360840 0.035807 0.055664
38 0.120768 0.359863 0.031901 0.043945
38 0.802734 0.375488 0.031250 0.051758
38 0.276367 0.406738 0.031901 0.047852
38 0.646159 0.424316 0.018880 0.036133
38 0.344727 0.452148 0.039714 0.050781
38 0.254557 0.458008 0.026042 0.039062
38 0.853516 0.459473 0.035156 0.040039
38 0.388346 0.491699 0.029297 0.040039
38 0.746094 0.496094 0.035156 0.042969
38 0.510417 0.497559 0.026042 0.041992
38 0.465820 0.497559 0.016276 0.018555
38 0.298503 0.525391 0.030599 0.039062
38 0.450195 0.569336 0.037109 0.058594
38 0.206706 0.589355 0.025391 0.036133
38 0.305339 0.613281 0.048177 0.083984
38 0.166667 0.613770 0.036458 0.051758
38 0.372070 0.665039 0.030599 0.054688
38 0.445312 0.678711 0.042969 0.064453
38 0.416341 0.742676 0.033203 0.051758
38 0.099609 0.744141 0.026042 0.035156
38 0.467773 0.753906 0.029297 0.042969
38 0.171549 0.766113 0.041016 0.055664
38 0.093099 0.786621 0.023438 0.038086
38 0.385417 0.799805 0.032552 0.052734
38 0.066732 0.813965 0.024089 0.040039
38 0.014648 0.879395 0.027995 0.051758