38 0.557000 0.248000 0.022000 0.021333
38 0.624000 0.289333 0.044000 0.082667
38 0.527000 0.310667 0.046000 0.045333
38 0.765000 0.346667 0.098000 0.080000
38 0.276000 0.340000 0.028000 0.045333
38 0.485000 0.360000 0.022000 0.026667
38 0.638000 0.365333 0.040000 0.037333
38 0.566000 0.393333 0.032000 0.045333
38 0.860000 0.392000 0.036000 0.042667
38 0.601000 0.410667 0.022000 0.032000
38 0.785000 0.417333 0.034000 0.034667
38 0.430000 0.450667 0.036000 0.042667
38 0.905000 0.450667 0.038000 0.042667
38 0.540000 0.477333 0.032000 0.080000
38 0.707000 0.453333 0.026000 0.032000
38 0.761000 0.486667 0.074000 0.098667
38 0.291000 0.489333 0.030000 0.034667
38 0.234000 0.508000 0.032000 0.034667
38 0.691000 0.594667 0.034000 0.069333
38 0.337000 0.582667 0.026000 0.034667
38 0.419000 0.621333 0.034000 0.032000
38 0.265000 0.736000 0.118000 0.208000
38 0.621000 0.664000 0.022000 0.021333
38 0.487000 0.788000 0.034000 0.040000
38 0.558000 0.802667 0.028000 0.042667
38 0.336000 0.921333 0.080000 0.157333
38 0.584000 0.888000 0.032000 0.042667
38 0.511000 0.918667 0.074000 0.066667
38 0.712000 0.972000 0.040000 0.056000
38 0.646000 0.976000 0.048000 0.048000
38 0.565000 0.970667 0.022000 0.026667
38 0.468000 0.980000 0.044000 0.040000
38 0.527000 0.990667 0.018000 0.018667