38 0.805664 0.177083 0.388672 0.354167
38 0.305664 0.128255 0.044922 0.069010
38 0.579590 0.149740 0.028320 0.028646
38 0.338379 0.283203 0.067383 0.074219
38 0.185059 0.317708 0.018555 0.044271
38 0.763672 0.656250 0.193359 0.682292
38 0.204102 0.397135 0.068359 0.093750
38 0.500000 0.506510 0.199219 0.276042
38 0.141113 0.405599 0.041992 0.058594
38 0.667480 0.476562 0.083008 0.062500
38 0.370117 0.507161 0.058594 0.063802
38 0.089355 0.503906 0.032227 0.054688
38 0.236328 0.542969 0.044922 0.070312
38 0.093750 0.593750 0.039062 0.041667
38 0.702637 0.724609 0.043945 0.055990
38 0.665039 0.756510 0.021484 0.026042
38 0.532227 0.819010 0.082031 0.062500
38 0.616699 0.969401 0.049805 0.061198
38 0.900879 0.959635 0.040039 0.044271
38 0.975098 0.988932 0.024414 0.019531