38 0.496667 0.037958 0.080000 0.075916
38 0.317500 0.031414 0.055000 0.041885
38 0.531250 0.111257 0.032500 0.052356
38 0.140000 0.123691 0.038333 0.053665
38 0.430417 0.315445 0.629167 0.416230
38 0.534167 0.198953 0.030000 0.044503
38 0.775000 0.450262 0.043333 0.070681
38 0.605833 0.482984 0.038333 0.054974
38 0.693333 0.493455 0.036667 0.060209
38 0.894583 0.514398 0.039167 0.057592
38 0.966667 0.550393 0.026667 0.035340
38 0.444167 0.614529 0.183333 0.160995
38 0.239583 0.690445 0.120833 0.278796
38 0.786667 0.670157 0.091667 0.123037
38 0.575833 0.691099 0.020000 0.034031
38 0.653750 0.761126 0.025833 0.030105
38 0.383333 0.827225 0.131667 0.086387
38 0.490833 0.944372 0.036667 0.030105