38 0.533691 0.422287 0.661133 0.545455
38 0.133789 0.317449 0.054688 0.112903
38 0.852051 0.449413 0.024414 0.042522
38 0.063965 0.450147 0.022461 0.035191
38 0.030762 0.499267 0.045898 0.074780
38 0.934082 0.484604 0.028320 0.036657
38 0.079102 0.606305 0.021484 0.042522
38 0.921387 0.634897 0.034180 0.046921
38 0.996094 0.651760 0.007812 0.042522
38 0.806641 0.667155 0.025391 0.049853
38 0.250000 0.679619 0.031250 0.054252
38 0.938965 0.724340 0.032227 0.049853
38 0.561523 0.805718 0.025391 0.045455
38 0.994141 0.810117 0.011719 0.051320
38 0.622070 0.862903 0.054688 0.112903
38 0.777832 0.875367 0.047852 0.134897
38 0.346191 0.875367 0.043945 0.064516
38 0.883789 0.897361 0.103516 0.102639
38 0.979004 0.895161 0.032227 0.048387
38 0.402832 0.914223 0.026367 0.060117
38 0.510742 0.968475 0.117188 0.063050
38 0.300293 0.961144 0.030273 0.042522