38 0.501538 0.297847 0.910769 0.509569
38 0.026923 0.468900 0.053846 0.177033
38 0.775385 0.551435 0.061538 0.093301
38 0.088462 0.555024 0.044615 0.086124
38 0.493077 0.564593 0.047692 0.071770
38 0.154615 0.589713 0.056923 0.102871
38 0.833077 0.696172 0.063077 0.143541
38 0.893846 0.662679 0.058462 0.076555
38 0.610769 0.681818 0.043077 0.071770
38 0.457692 0.708134 0.044615 0.076555
38 0.008462 0.775120 0.016923 0.043062
38 0.112308 0.850478 0.055385 0.083732
38 0.303077 0.866029 0.061538 0.081340
38 0.573846 0.897129 0.055385 0.086124
38 0.007692 0.887560 0.015385 0.057416
38 0.534615 0.972488 0.047692 0.055024