45 0.718750 0.127500 0.230833 0.255000
45 0.473750 0.059687 0.162500 0.113125
45 0.378750 0.167813 0.367500 0.166875
45 0.654167 0.201875 0.073333 0.082500
45 0.323333 0.273125 0.383333 0.216250
45 0.815417 0.365000 0.269167 0.223750
45 0.110417 0.294063 0.047500 0.076875
45 0.244583 0.570937 0.450833 0.531875
45 0.568750 0.472813 0.164167 0.143125
45 0.080000 0.510000 0.160000 0.150000
45 0.833333 0.621563 0.228333 0.220625
45 0.500833 0.694688 0.226667 0.218125
45 0.578750 0.894687 0.107500 0.079375
45 0.393750 0.964688 0.082500 0.069375