42 0.552500 0.031328 0.098333 0.062657
42 0.411667 0.086466 0.020000 0.027569
42 0.496667 0.160401 0.056667 0.120301
42 0.692500 0.139098 0.048333 0.052632
42 0.616667 0.230576 0.116667 0.135338
42 0.519167 0.370927 0.241667 0.406015
42 0.215833 0.264411 0.151667 0.177945
42 0.302500 0.333333 0.021667 0.070175
42 0.382500 0.388471 0.058333 0.170426
42 0.691667 0.424812 0.133333 0.192982
42 0.210000 0.532581 0.050000 0.082707
42 0.452500 0.592732 0.105000 0.152882
42 0.678333 0.715539 0.140000 0.348371
42 0.313333 0.670426 0.146667 0.192982
42 0.179167 0.645363 0.015000 0.037594
42 0.560833 0.788221 0.141667 0.323308
42 0.436667 0.807018 0.116667 0.185464
42 0.602500 0.969925 0.078333 0.055138
42 0.560833 0.998747 0.001667 0.002506