43 0.063043 0.163174 0.126087 0.296407
43 0.310870 0.172156 0.088406 0.242515
43 0.211594 0.306886 0.162319 0.398204
43 0.489855 0.205090 0.133333 0.164671
43 0.342029 0.273952 0.034783 0.074850
43 0.283333 0.392216 0.033333 0.077844
43 0.493478 0.420659 0.076812 0.086826
43 0.282609 0.485030 0.034783 0.077844
43 0.392754 0.495509 0.034783 0.086826
43 0.494928 0.628743 0.079710 0.113772
43 0.264493 0.631737 0.039130 0.083832
43 0.744928 0.685629 0.055072 0.089820
43 0.457971 0.676647 0.026087 0.053892
43 0.593478 0.787425 0.091304 0.095808
43 0.233333 0.830838 0.057971 0.170659
43 0.065942 0.793413 0.033333 0.065868
43 0.284783 0.808383 0.042029 0.053892
43 0.277536 0.883234 0.027536 0.071856
43 0.263768 0.946108 0.023188 0.059880