45 0.701858 0.033410 0.028716 0.066820
45 0.793919 0.057604 0.054054 0.105991
45 0.744088 0.321429 0.315878 0.417051
45 0.432432 0.240783 0.195946 0.126728
45 0.238176 0.290323 0.077703 0.110599
45 0.393581 0.316820 0.118243 0.145161
45 0.546453 0.337558 0.045608 0.135945
45 0.261824 0.460829 0.108108 0.119816
45 0.443412 0.599078 0.062500 0.096774
45 0.499155 0.687788 0.153716 0.140553
45 0.250845 0.744240 0.157095 0.161290
45 0.580236 0.775346 0.099662 0.057604
45 0.377534 0.785714 0.038851 0.059908
45 0.499155 0.842166 0.042230 0.052995