48 0.201449 0.152510 0.089855 0.305019
48 0.690580 0.119691 0.082609 0.239382
48 0.939130 0.215251 0.118841 0.430502
48 0.313043 0.178571 0.107246 0.202703
48 0.444928 0.203668 0.055072 0.133205
48 0.825362 0.264479 0.068116 0.212355
48 0.093478 0.300193 0.073913 0.233591
48 0.494928 0.287645 0.053623 0.054054
48 0.641304 0.293436 0.094203 0.061776
48 0.737681 0.299228 0.095652 0.073359
48 0.308696 0.507722 0.281159 0.436293
48 0.163043 0.332046 0.068116 0.057915
48 0.616667 0.388996 0.042029 0.133205
48 0.499275 0.366795 0.073913 0.084942
48 0.673913 0.440154 0.069565 0.212355
48 0.797826 0.472008 0.105797 0.167954
48 0.116667 0.526062 0.053623 0.210425
48 0.721014 0.493243 0.039130 0.086873
48 0.455072 0.512548 0.055072 0.121622
48 0.238406 0.527027 0.076812 0.092664
48 0.637681 0.595560 0.260870 0.194981
48 0.929710 0.583977 0.073913 0.075290
48 0.812319 0.620656 0.094203 0.086873
48 0.490580 0.726834 0.134783 0.198842
48 0.406522 0.761583 0.152174 0.198842
48 0.250725 0.859073 0.176812 0.239382