42 0.076875 0.081614 0.151250 0.159475
42 0.232500 0.090056 0.145000 0.180113
42 0.517500 0.499062 0.605000 0.998124
42 0.794375 0.133208 0.028750 0.052533
42 0.408750 0.303940 0.162500 0.307692
42 0.037500 0.272983 0.075000 0.234522
42 0.255000 0.281426 0.152500 0.202627
42 0.164375 0.422139 0.151250 0.240150
42 0.101250 0.355535 0.035000 0.080675
42 0.278750 0.524390 0.092500 0.257036
42 0.180000 0.610694 0.037500 0.148218
42 0.186875 0.841463 0.038750 0.159475
42 0.771250 0.858349 0.025000 0.028143