43 0.826000 0.165746 0.248000 0.143646
43 0.342000 0.214088 0.236000 0.218232
43 0.585000 0.267956 0.090000 0.071823
43 0.025000 0.330110 0.046000 0.041436
43 0.185000 0.392265 0.102000 0.055249
43 0.652000 0.497238 0.104000 0.077348
43 0.399000 0.508287 0.054000 0.060773
43 0.391000 0.588398 0.030000 0.055249
43 0.623000 0.580110 0.038000 0.044199
43 0.455000 0.635359 0.026000 0.044199
43 0.613000 0.698895 0.090000 0.071823
43 0.254000 0.722376 0.076000 0.080110
43 0.315000 0.830110 0.054000 0.107735