47 0.227500 0.298750 0.076667 0.043750
47 0.340833 0.310000 0.018333 0.040000
47 0.011667 0.315312 0.023333 0.021875
47 0.261250 0.375312 0.029167 0.029375
47 0.377083 0.551250 0.194167 0.275000
47 0.568333 0.442188 0.018333 0.025625
47 0.674583 0.465313 0.040833 0.038125
47 0.425417 0.501250 0.047500 0.043750
47 0.617500 0.497188 0.035000 0.031875
47 0.118333 0.513750 0.033333 0.033750
47 0.244583 0.516875 0.030833 0.026250
47 0.452083 0.770625 0.284167 0.133750
47 0.288333 0.924063 0.145000 0.151875
47 0.915000 0.890000 0.111667 0.036250