42 0.250000 0.236364 0.257576 0.472727
42 0.334091 0.062121 0.053030 0.124242
42 0.840152 0.013636 0.028788 0.027273
42 0.048485 0.119697 0.060606 0.227273
42 0.962879 0.118182 0.071212 0.187879
42 0.539394 0.068182 0.036364 0.045455
42 0.184848 0.093939 0.021212 0.054545
42 0.876515 0.116667 0.053030 0.063636
42 0.592424 0.257576 0.051515 0.103030
42 0.855303 0.260606 0.010606 0.024242
42 0.421212 0.318182 0.024242 0.042424
42 0.400000 0.371212 0.027273 0.045455
42 0.861364 0.362121 0.013636 0.033333
42 0.968939 0.469697 0.059091 0.175758
42 0.142424 0.445455 0.084848 0.072727
42 0.475000 0.434848 0.043939 0.051515
42 0.375000 0.492424 0.074242 0.148485
42 0.811364 0.489394 0.107576 0.130303
42 0.287879 0.646970 0.175758 0.427273
42 0.121970 0.543939 0.074242 0.166667
42 0.156061 0.510606 0.045455 0.087879
42 0.668182 0.546970 0.057576 0.142424
42 0.472727 0.625758 0.139394 0.263636
42 0.909091 0.518182 0.033333 0.042424
42 0.720455 0.680303 0.074242 0.306061
42 0.050758 0.633333 0.086364 0.169697
42 0.597727 0.581818 0.010606 0.030303
42 0.967424 0.607576 0.065152 0.087879
42 0.563636 0.600000 0.024242 0.054545
42 0.109848 0.650000 0.037879 0.118182
42 0.862879 0.778788 0.240909 0.321212
42 0.549242 0.687879 0.025758 0.109091
42 0.053030 0.809091 0.106061 0.266667
42 0.158333 0.686364 0.013636 0.027273
42 0.615152 0.704545 0.012121 0.033333
42 0.968182 0.721212 0.027273 0.054545
42 0.555303 0.877273 0.140909 0.136364
42 0.283333 0.912121 0.154545 0.163636
42 0.703788 0.946970 0.025758 0.051515
42 0.112121 0.963636 0.084848 0.066667
42 0.953788 0.962121 0.040909 0.063636
42 0.028030 0.966667 0.056061 0.060606
42 0.887879 0.972727 0.066667 0.048485
42 0.194697 0.995455 0.001515 0.003030