47 0.275000 0.202399 0.178000 0.197901
47 0.452000 0.398051 0.440000 0.391304
47 0.758000 0.272864 0.032000 0.023988
47 0.705000 0.317091 0.030000 0.022489
47 0.952000 0.366567 0.048000 0.034483
47 0.839000 0.451274 0.062000 0.035982
47 0.913000 0.456522 0.054000 0.037481
47 0.522000 0.541229 0.032000 0.029985
47 0.650000 0.571964 0.032000 0.043478
47 0.667000 0.619940 0.026000 0.025487
47 0.549000 0.644678 0.034000 0.032984
47 0.438000 0.658171 0.072000 0.035982
47 0.498000 0.701649 0.048000 0.062969
47 0.680000 0.687406 0.020000 0.016492
47 0.374000 0.706147 0.064000 0.035982
47 0.726000 0.703898 0.020000 0.016492
47 0.251000 0.736882 0.058000 0.043478
47 0.310000 0.740630 0.040000 0.041979
47 0.737000 0.761619 0.046000 0.026987
47 0.506000 0.765367 0.036000 0.025487
47 0.382000 0.807346 0.076000 0.070465
47 0.488000 0.827586 0.088000 0.101949
47 0.778000 0.825337 0.044000 0.034483
47 0.222000 0.847076 0.084000 0.044978
47 0.837000 0.868066 0.034000 0.023988
47 0.370000 0.898051 0.060000 0.041979
47 0.460000 0.934783 0.060000 0.052474
47 0.309000 0.954273 0.030000 0.028486
47 0.517000 0.970015 0.030000 0.026987