48 0.886806 0.186328 0.123611 0.077344
48 0.602778 0.301172 0.338889 0.225781
48 0.760417 0.224219 0.090278 0.039062
48 0.869444 0.251953 0.144444 0.036719
48 0.360417 0.275781 0.209722 0.081250
48 0.671528 0.260937 0.081944 0.042188
48 0.770833 0.305469 0.091667 0.039062
48 0.297222 0.376953 0.127778 0.053906
48 0.160417 0.414062 0.112500 0.042188
48 0.062500 0.468359 0.125000 0.057031
48 0.232639 0.478516 0.134722 0.069531
48 0.340972 0.479687 0.070833 0.071875
48 0.767361 0.501172 0.143056 0.082031
48 0.480556 0.494922 0.113889 0.063281
48 0.402778 0.490625 0.072222 0.040625
48 0.888889 0.506641 0.097222 0.060156
48 0.631250 0.532422 0.123611 0.078906
48 0.378472 0.535547 0.090278 0.049219
48 0.529861 0.530469 0.073611 0.039062
48 0.822222 0.591797 0.247222 0.099219
48 0.473611 0.581250 0.102778 0.059375
48 0.547917 0.656641 0.187500 0.092969
48 0.710417 0.660547 0.129167 0.033594
48 0.670833 0.724609 0.186111 0.075781