46 0.882639 0.181250 0.126389 0.078125
46 0.514583 0.212500 0.115278 0.043750
46 0.760417 0.223828 0.093056 0.035156
46 0.818750 0.223828 0.020833 0.007031
46 0.838194 0.228125 0.023611 0.007812
46 0.490278 0.235156 0.027778 0.012500
46 0.456250 0.241797 0.048611 0.022656
46 0.868056 0.251953 0.141667 0.036719
46 0.377778 0.252344 0.086111 0.032813
46 0.568750 0.273047 0.140278 0.072656
46 0.670833 0.261719 0.075000 0.040625
46 0.292361 0.256641 0.079167 0.022656
46 0.781944 0.256641 0.025000 0.008594
46 0.737500 0.258984 0.030556 0.010156
46 0.425694 0.266406 0.059722 0.021875
46 0.321528 0.278516 0.079167 0.022656
46 0.768750 0.273438 0.043056 0.012500
46 0.379167 0.298828 0.094444 0.041406
46 0.710417 0.291797 0.026389 0.010156
46 0.773611 0.311328 0.088889 0.047656
46 0.664583 0.358984 0.220833 0.107031
46 0.600694 0.317188 0.048611 0.014063
46 0.295139 0.376563 0.123611 0.056250
46 0.161111 0.413672 0.113889 0.049219
46 0.268750 0.417187 0.073611 0.025000
46 0.315972 0.435547 0.026389 0.011719
46 0.299306 0.480469 0.265278 0.096875
46 0.245139 0.442188 0.026389 0.014063
46 0.063194 0.459766 0.123611 0.042969
46 0.768056 0.500781 0.136111 0.081250
46 0.515972 0.506250 0.115278 0.082812
46 0.402778 0.491406 0.077778 0.037500
46 0.891667 0.505859 0.102778 0.055469
46 0.640972 0.533594 0.106944 0.076563
46 0.445139 0.516016 0.037500 0.016406
46 0.375694 0.541406 0.087500 0.057813
46 0.968750 0.544922 0.031944 0.021094
46 0.712500 0.543359 0.025000 0.014844
46 0.899306 0.581641 0.104167 0.088281
46 0.452778 0.548047 0.030556 0.010156
46 0.481250 0.583203 0.120833 0.060156
46 0.823611 0.566406 0.050000 0.025000
46 0.724306 0.562500 0.045833 0.014063
46 0.662500 0.562109 0.022222 0.011719
46 0.775000 0.566797 0.041667 0.013281
46 0.685417 0.571094 0.018056 0.007812
46 0.746528 0.602344 0.093056 0.065625
46 0.572222 0.626953 0.083333 0.032031
46 0.667361 0.626563 0.031944 0.026562
46 0.551389 0.670312 0.180556 0.070312
46 0.713194 0.658203 0.123611 0.033594
46 0.683333 0.678516 0.041667 0.025781
46 0.718750 0.703516 0.081944 0.035156
46 0.625694 0.717187 0.093056 0.037500
46 0.681250 0.746094 0.054167 0.037500