47 0.663265 0.193651 0.183673 0.371429
47 0.925170 0.068254 0.068027 0.092063
47 0.325397 0.128571 0.147392 0.073016
47 0.857143 0.153968 0.122449 0.076190
47 0.475057 0.200000 0.070295 0.038095
47 0.360544 0.270635 0.167800 0.115873
47 0.580499 0.367460 0.108844 0.106349
47 0.089569 0.401587 0.079365 0.053968
47 0.339002 0.415873 0.061224 0.044444
47 0.678005 0.458730 0.077098 0.076190
47 0.385488 0.493651 0.140590 0.085714
47 0.588435 0.542063 0.138322 0.122222
47 0.797052 0.558730 0.088435 0.063492
47 0.290249 0.594444 0.086168 0.071429
47 0.413832 0.573810 0.043084 0.026984
47 0.707483 0.635714 0.068027 0.061905
47 0.609977 0.724603 0.081633 0.144444
47 0.732426 0.781746 0.126984 0.141270
47 0.410431 0.800000 0.081633 0.073016
47 0.261905 0.867460 0.106576 0.068254
47 0.490930 0.891270 0.092971 0.065079