47 0.347222 0.097426 0.034314 0.020833
47 0.738562 0.137255 0.026144 0.022059
47 0.238562 0.153186 0.019608 0.019608
47 0.308007 0.159926 0.031046 0.020833
47 0.349673 0.239583 0.032680 0.023284
47 0.138072 0.246936 0.021242 0.018382
47 0.169935 0.248162 0.022876 0.020833
47 0.647876 0.263480 0.021242 0.022059
47 0.219771 0.270833 0.024510 0.017157
47 0.377451 0.281863 0.026144 0.022059
47 0.203431 0.297794 0.031046 0.024510
47 0.696895 0.310662 0.040850 0.028186
47 0.554739 0.363358 0.024510 0.023284
47 0.588235 0.409926 0.022876 0.018382
47 0.262255 0.412377 0.024510 0.020833
47 0.557190 0.419118 0.026144 0.019608
47 0.348039 0.425858 0.035948 0.023284
47 0.284314 0.433824 0.026144 0.022059
47 0.200163 0.433211 0.021242 0.018382
47 0.638889 0.477328 0.026144 0.020833
47 0.700163 0.484069 0.031046 0.017157
47 0.192810 0.549020 0.032680 0.024510
47 0.780229 0.546569 0.027778 0.019608
47 0.657680 0.554534 0.024510 0.020833
47 0.721405 0.591299 0.031046 0.025735
47 0.310458 0.594975 0.032680 0.020833
47 0.227124 0.601716 0.035948 0.029412
47 0.554739 0.636642 0.031046 0.020833
47 0.751634 0.651961 0.029412 0.022059
47 0.406046 0.675245 0.024510 0.024510
47 0.691993 0.681373 0.021242 0.019608
47 0.767157 0.692402 0.027778 0.019608
47 0.344771 0.705270 0.029412 0.015931
47 0.782680 0.768382 0.091503 0.093137
47 0.390523 0.777574 0.019608 0.018382
47 0.312908 0.804534 0.021242 0.015931
47 0.266340 0.859069 0.029412 0.036765
47 0.231209 0.858456 0.017974 0.018382
47 0.312908 0.894608 0.021242 0.017157