42 0.315625 0.015625 0.050000 0.031250
42 0.722656 0.054167 0.017188 0.020833
42 0.495312 0.138542 0.071875 0.093750
42 0.701562 0.113542 0.018750 0.027083
42 0.756250 0.147917 0.034375 0.095833
42 0.700781 0.150000 0.014063 0.033333
42 0.398438 0.154167 0.021875 0.029167
42 0.564063 0.160417 0.018750 0.037500
42 0.427344 0.173958 0.029687 0.043750
42 0.383594 0.208333 0.089063 0.050000
42 0.794531 0.240625 0.032813 0.064583
42 0.659375 0.242708 0.018750 0.035417
42 0.496875 0.266667 0.015625 0.029167
42 0.684375 0.337500 0.034375 0.100000
42 0.521094 0.430208 0.085938 0.268750
42 0.636719 0.405208 0.020313 0.035417
42 0.686719 0.416667 0.020313 0.037500
42 0.594531 0.460417 0.032813 0.041667
42 0.428125 0.460417 0.021875 0.029167
42 0.933594 0.508333 0.104688 0.120833
42 0.681250 0.497917 0.015625 0.025000
42 0.626563 0.512500 0.028125 0.037500
42 0.556250 0.516667 0.012500 0.016667
42 0.602344 0.534375 0.017188 0.027083
42 0.563281 0.544792 0.020313 0.027083
42 0.451562 0.575000 0.040625 0.054167
42 0.639844 0.588542 0.014063 0.027083
42 0.514844 0.658333 0.092188 0.150000
42 0.626563 0.629167 0.015625 0.033333
42 0.443750 0.712500 0.056250 0.083333
42 0.545312 0.780208 0.065625 0.131250
42 0.501563 0.755208 0.009375 0.014583
42 0.410938 0.788542 0.012500 0.031250
42 0.503906 0.792708 0.023438 0.031250
42 0.423438 0.833333 0.012500 0.025000