43 0.646651 0.150769 0.073903 0.092308
43 0.309469 0.201538 0.036952 0.064615
43 0.224018 0.295385 0.193995 0.153846
43 0.683603 0.310769 0.055427 0.098462
43 0.942263 0.407692 0.101617 0.132308
43 0.084296 0.467692 0.090069 0.178462
43 0.480370 0.513846 0.046189 0.055385
43 0.700924 0.583077 0.173210 0.187692
43 0.366051 0.552308 0.034642 0.040000
43 0.227483 0.624615 0.039261 0.055385
43 0.301386 0.673846 0.034642 0.036923
43 0.244804 0.678462 0.027714 0.040000
43 0.531178 0.850769 0.152425 0.292308
43 0.631640 0.903077 0.196305 0.187692
43 0.687067 0.980000 0.002309 0.003077