43 0.628906 0.042208 0.032813 0.071429
43 0.432812 0.081169 0.021875 0.028139
43 0.463281 0.114719 0.020313 0.030303
43 0.507031 0.130952 0.051562 0.049784
43 0.660156 0.199134 0.179688 0.138528
43 0.333594 0.167749 0.048438 0.045455
43 0.551562 0.193723 0.021875 0.036797
43 0.693750 0.262987 0.087500 0.097403
43 0.291406 0.268398 0.048438 0.047619
43 0.248438 0.391775 0.021875 0.034632
43 0.179688 0.404762 0.046875 0.034632
43 0.754687 0.454545 0.081250 0.138528
43 0.205469 0.390693 0.001563 0.002165
43 0.485938 0.420996 0.031250 0.036797
43 0.533594 0.456710 0.048438 0.051948
43 0.457031 0.459957 0.017188 0.032468
43 0.365625 0.507576 0.056250 0.071429
43 0.168750 0.506494 0.025000 0.056277
43 0.426563 0.519481 0.043750 0.056277
43 0.475781 0.507576 0.029687 0.032468
43 0.306250 0.535714 0.065625 0.058442
43 0.221875 0.534632 0.053125 0.043290
43 0.698438 0.554113 0.037500 0.056277
43 0.357812 0.567100 0.031250 0.064935
43 0.175000 0.553030 0.034375 0.032468
43 0.560156 0.561688 0.023438 0.036797
43 0.746094 0.614719 0.026562 0.077922
43 0.478906 0.606061 0.029687 0.047619
43 0.387500 0.613636 0.037500 0.058442
43 0.617188 0.608225 0.015625 0.030303
43 0.695312 0.601732 0.015625 0.017316
43 0.433594 0.663420 0.035937 0.084416
43 0.517969 0.694805 0.057813 0.077922
43 0.693750 0.731602 0.021875 0.043290
43 0.250000 0.730519 0.040625 0.032468
43 0.240625 0.771645 0.043750 0.058442
43 0.321094 0.775974 0.070312 0.054113
43 0.646875 0.791126 0.146875 0.054113
43 0.258594 0.837662 0.020313 0.034632
43 0.251563 0.903680 0.021875 0.032468
43 0.359375 0.917749 0.081250 0.060606
43 0.271875 0.969697 0.021875 0.021645