47 0.282333 0.014442 0.070000 0.028884
47 0.396667 0.006474 0.025333 0.012948
47 0.773667 0.107072 0.123333 0.208167
47 0.847333 0.042829 0.014667 0.031873
47 0.186667 0.093625 0.009333 0.063745
47 0.586000 0.096116 0.066667 0.036853
47 0.636667 0.165837 0.032000 0.086653
47 0.676333 0.183267 0.028667 0.041833
47 0.865333 0.213147 0.013333 0.019920
47 0.593667 0.239542 0.039333 0.062749
47 0.722000 0.539841 0.170667 0.641434
47 0.524000 0.270916 0.029333 0.041833
47 0.478667 0.389442 0.094667 0.235060
47 0.558667 0.320219 0.028000 0.046813
47 0.595000 0.323705 0.016667 0.023904
47 0.508667 0.353088 0.036000 0.056773
47 0.593333 0.400896 0.040000 0.032869
47 0.275667 0.509462 0.014000 0.024900
47 0.626000 0.642928 0.022667 0.026892
47 0.588000 0.685757 0.010667 0.018924
47 0.622333 0.728586 0.050000 0.064741
47 0.626000 0.805279 0.012000 0.012948