46 0.130833 0.144737 0.121667 0.284211
46 0.314167 0.086842 0.085000 0.084211
46 0.678333 0.121053 0.066667 0.105263
46 0.766667 0.163158 0.106667 0.178947
46 0.256667 0.152632 0.063333 0.147368
46 0.489167 0.165789 0.051667 0.115789
46 0.666667 0.242105 0.056667 0.094737
46 0.286667 0.268421 0.043333 0.136842
46 0.443333 0.250000 0.063333 0.089474
46 0.554167 0.285526 0.058333 0.107895
46 0.215000 0.296053 0.070000 0.086842
46 0.460833 0.452632 0.291667 0.342105
46 0.506667 0.344737 0.076667 0.052632
46 0.140833 0.375000 0.061667 0.086842
46 0.267500 0.417105 0.021667 0.097368
46 0.055833 0.592105 0.111667 0.336842
46 0.660833 0.669737 0.221667 0.365789
46 0.515833 0.648684 0.065000 0.128947
46 0.220000 0.711842 0.090000 0.113158
46 0.065000 0.736842 0.056667 0.073684
46 0.424167 0.822368 0.088333 0.207895
46 0.261667 0.856579 0.083333 0.123684
46 0.111667 0.907895 0.103333 0.184211
46 0.626667 0.932895 0.116667 0.128947