43 0.431911 0.028329 0.058943 0.050992
43 0.570122 0.126062 0.083333 0.076487
43 0.428862 0.223796 0.081301 0.141643
43 0.210366 0.254958 0.152439 0.175637
43 0.370935 0.288952 0.042683 0.073654
43 0.759146 0.305949 0.132114 0.113314
43 0.449187 0.331445 0.065041 0.101983
43 0.301829 0.348442 0.050813 0.079320
43 0.089431 0.422096 0.065041 0.203966
43 0.548780 0.358357 0.060976 0.059490
43 0.630081 0.386686 0.044715 0.065156
43 0.440041 0.471671 0.160569 0.201133
43 0.224593 0.420680 0.030488 0.053824
43 0.815041 0.432011 0.077236 0.070822
43 0.717480 0.490085 0.085366 0.113314
43 0.229675 0.507082 0.040650 0.101983
43 0.316057 0.509915 0.034553 0.079320
43 0.900407 0.522663 0.052846 0.099150
43 0.660569 0.583569 0.044715 0.084986
43 0.724593 0.618980 0.054878 0.110482
43 0.958333 0.613314 0.042683 0.093484
43 0.493902 0.617564 0.036585 0.073654
43 0.233740 0.694051 0.048780 0.113314
43 0.792683 0.661473 0.040650 0.048159
43 0.447154 0.723796 0.130081 0.116147
43 0.870935 0.757790 0.099593 0.161473
43 0.143293 0.810198 0.095528 0.135977
43 0.274390 0.859773 0.134146 0.235127
43 0.661585 0.839943 0.063008 0.161473
43 0.766260 0.797450 0.081301 0.076487
43 0.052846 0.847025 0.024390 0.050992
43 0.766260 0.885269 0.040650 0.053824
43 0.843496 0.954674 0.056911 0.090652
43 0.061992 0.963173 0.034553 0.073654
43 0.715447 0.957507 0.044715 0.062323