43 0.511594 0.224422 0.052174 0.112211
43 0.344203 0.212871 0.015942 0.036304
43 0.166667 0.231023 0.014493 0.039604
43 0.141304 0.321782 0.024638 0.056106
43 0.075362 0.356436 0.046377 0.105611
43 0.265217 0.331683 0.014493 0.042904
43 0.634058 0.364686 0.024638 0.075908
43 0.475362 0.409241 0.017391 0.033003
43 0.156522 0.445545 0.014493 0.046205
43 0.492029 0.552805 0.027536 0.049505
43 0.702899 0.729373 0.049275 0.125413
43 0.439855 0.732673 0.013043 0.033003
43 0.200725 0.801980 0.039130 0.092409
43 0.156522 0.940594 0.014493 0.052805