43 0.369565 0.212355 0.037681 0.050193
43 0.448551 0.250965 0.039130 0.061776
43 0.513768 0.383205 0.030435 0.048263
43 0.412319 0.412162 0.036232 0.067568
43 0.621014 0.433398 0.033333 0.052124
43 0.465942 0.444015 0.039130 0.050193
43 0.808696 0.481660 0.046377 0.063707
43 0.461594 0.525097 0.044928 0.061776
43 0.339130 0.552124 0.052174 0.081081
43 0.614493 0.572394 0.043478 0.071429
43 0.626812 0.644788 0.039130 0.046332
43 0.794203 0.650579 0.075362 0.046332
43 0.892029 0.700772 0.126087 0.119691
43 0.911594 0.909266 0.052174 0.096525