48 0.171250 0.046904 0.082500 0.093809
48 0.356250 0.080675 0.217500 0.161351
48 0.871250 0.226079 0.257500 0.452158
48 0.568750 0.179174 0.342500 0.339587
48 0.907500 0.067542 0.100000 0.075047
48 0.106250 0.153846 0.152500 0.131332
48 0.228750 0.140713 0.102500 0.071295
48 0.178750 0.285178 0.307500 0.195122
48 0.472500 0.506567 0.385000 0.288931
48 0.053750 0.441839 0.107500 0.125704
48 0.163750 0.467167 0.102500 0.090056
48 0.705000 0.530957 0.200000 0.108818
48 0.816250 0.584428 0.127500 0.088180
48 0.323750 0.663227 0.302500 0.223265
48 0.810000 0.670732 0.085000 0.076923
48 0.642500 0.723265 0.255000 0.118199
48 0.408750 0.848968 0.367500 0.245779