43 0.975000 0.206468 0.050000 0.064677
43 0.954688 0.294776 0.034375 0.062189
43 0.650781 0.302239 0.039062 0.067164
43 0.804688 0.314677 0.025000 0.092040
43 0.559375 0.322139 0.031250 0.047264
43 0.525781 0.374378 0.039062 0.106965
43 0.439844 0.361940 0.076563 0.067164
43 0.575781 0.442786 0.051562 0.104478
43 0.453906 0.478856 0.064062 0.166667
43 0.302344 0.475124 0.029687 0.059701
43 0.631250 0.480100 0.056250 0.069652
43 0.506250 0.483831 0.031250 0.072139
43 0.567187 0.598259 0.046875 0.087065
43 0.635938 0.604478 0.068750 0.064677
43 0.743750 0.705224 0.053125 0.101990
43 0.414062 0.723881 0.040625 0.089552
43 0.693750 0.728856 0.031250 0.044776
43 0.741406 0.839552 0.057813 0.072139