47 0.203333 0.128750 0.406667 0.252500
47 0.735000 0.111250 0.123333 0.197500
47 0.843333 0.130000 0.050000 0.065000
47 0.946667 0.210000 0.023333 0.045000
47 0.773333 0.300000 0.163333 0.160000
47 0.519167 0.438750 0.398333 0.367500
47 0.579167 0.341250 0.091667 0.132500
47 0.175000 0.425000 0.270000 0.170000
47 0.679167 0.423750 0.085000 0.097500
47 0.870000 0.420000 0.030000 0.075000
47 0.795000 0.433750 0.040000 0.062500
47 0.760833 0.546250 0.041667 0.072500
47 0.953333 0.581250 0.086667 0.122500
47 0.183333 0.552500 0.036667 0.055000
47 0.841667 0.588750 0.060000 0.087500
47 0.166667 0.741250 0.333333 0.377500
47 0.497500 0.737500 0.295000 0.240000
47 0.761667 0.793750 0.056667 0.197500
47 0.715833 0.782500 0.041667 0.060000
47 0.387500 0.906250 0.475000 0.187500
47 0.855833 0.892500 0.155000 0.125000
47 0.950833 0.955000 0.098333 0.085000
47 0.774167 0.957500 0.235000 0.080000