47 0.939274 0.012048 0.019802 0.019277
47 0.992079 0.027309 0.015842 0.048193
47 0.930693 0.048193 0.022442 0.022490
47 0.961716 0.088353 0.018482 0.027309
47 0.577558 0.209639 0.036964 0.017671
47 0.665017 0.211647 0.011221 0.015261
47 0.427723 0.228112 0.014521 0.019277
47 0.623102 0.238554 0.026403 0.027309
47 0.507921 0.255823 0.021782 0.026506
47 0.561056 0.269478 0.029043 0.037751
47 0.867327 0.272691 0.023762 0.023293
47 0.371617 0.290763 0.017162 0.027309
47 0.595710 0.297992 0.021782 0.032129
47 0.399340 0.314859 0.035644 0.048193
47 0.567327 0.326506 0.017822 0.026506
47 0.668647 0.332530 0.023762 0.027309
47 0.458416 0.350602 0.050825 0.037751
47 0.814851 0.351807 0.012541 0.017671
47 0.247195 0.371486 0.016502 0.024900
47 0.321782 0.436948 0.089109 0.096386
47 0.434653 0.404016 0.013861 0.020884
47 0.575578 0.420080 0.058086 0.046586
47 0.198020 0.487952 0.073927 0.174297
47 0.414851 0.464257 0.016502 0.024096
47 0.110231 0.540161 0.063366 0.161446
47 0.514521 0.474297 0.028383 0.023293
47 0.245875 0.493976 0.012541 0.022490
47 0.768647 0.537349 0.102310 0.073896
47 0.432013 0.512048 0.019142 0.021687
47 0.289439 0.516466 0.013861 0.009639
47 0.482178 0.519679 0.021782 0.017671
47 0.341914 0.530120 0.015842 0.014458
47 0.806271 0.586345 0.053465 0.054618
47 0.753795 0.571486 0.022442 0.013655
47 0.706601 0.603614 0.023102 0.023293
47 0.495710 0.607631 0.019802 0.024900
47 0.898020 0.697992 0.190759 0.187952
47 0.812211 0.692369 0.016502 0.032129
47 0.651815 0.722088 0.012541 0.019277
47 0.703630 0.731325 0.015842 0.024900
47 0.730363 0.734538 0.015182 0.028112
47 0.716832 0.781526 0.030363 0.035341
47 0.482838 0.789157 0.020462 0.023293
47 0.544884 0.802008 0.019142 0.015261
47 0.464686 0.824096 0.013201 0.016064
47 0.579538 0.884337 0.062046 0.088353
47 0.496040 0.858635 0.015182 0.020884
47 0.523432 0.859036 0.018482 0.020080
47 0.330363 0.863855 0.020462 0.018474
47 0.300660 0.877510 0.012541 0.016867
47 0.369637 0.906827 0.014521 0.020884
47 0.555446 0.932932 0.012541 0.018474
47 0.521452 0.959438 0.025083 0.042570