43 0.435156 0.029621 0.039062 0.059242
43 0.558594 0.027251 0.064062 0.049763
43 0.860156 0.020142 0.048438 0.035545
43 0.820312 0.042654 0.034375 0.033175
43 0.904687 0.084123 0.046875 0.068720
43 0.622656 0.143365 0.073438 0.168246
43 0.490625 0.087678 0.025000 0.037915
43 0.361719 0.117299 0.051562 0.063981
43 0.717187 0.174171 0.062500 0.054502
43 0.556250 0.214455 0.028125 0.073460
43 0.445312 0.210900 0.031250 0.047393
43 0.837500 0.229858 0.046875 0.075829
43 0.512500 0.238152 0.043750 0.068720
43 0.215625 0.264218 0.053125 0.054502
43 0.659375 0.265403 0.028125 0.042654
43 0.126562 0.285545 0.040625 0.054502
43 0.835156 0.277251 0.023438 0.033175
43 0.592187 0.293839 0.031250 0.033175
43 0.548438 0.341232 0.028125 0.047393
43 0.664844 0.354265 0.026562 0.026066
43 0.635938 0.402844 0.015625 0.028436
43 0.602344 0.460900 0.042188 0.101896
43 0.783594 0.513033 0.017188 0.054502
43 0.355469 0.563981 0.104688 0.137441
43 0.646875 0.556872 0.021875 0.033175
43 0.493750 0.582938 0.028125 0.071090
43 0.134375 0.563981 0.012500 0.018957
43 0.897656 0.626777 0.089063 0.087678
43 0.574219 0.632701 0.057813 0.090047
43 0.478906 0.629147 0.020313 0.035545
43 0.427344 0.701422 0.070312 0.151659
43 0.485938 0.662322 0.009375 0.021327
43 0.159375 0.704976 0.040625 0.068720
43 0.314063 0.700237 0.040625 0.059242
43 0.478125 0.696682 0.025000 0.037915
43 0.927344 0.693128 0.020313 0.030806
43 0.520312 0.716825 0.015625 0.021327
43 0.896094 0.716825 0.029687 0.021327
43 0.190625 0.738152 0.018750 0.030806
43 0.543750 0.735782 0.025000 0.026066
43 0.614844 0.754739 0.020313 0.035545
43 0.170313 0.785545 0.025000 0.078199
43 0.812500 0.863744 0.106250 0.215640
43 0.221094 0.804502 0.029687 0.059242
43 0.291406 0.821090 0.032813 0.021327
43 0.632031 0.842417 0.026562 0.063981
43 0.616406 0.908768 0.029687 0.078199