43 0.590000 0.078652 0.035000 0.074906
43 0.736250 0.209738 0.057500 0.127341
43 0.468750 0.258427 0.032500 0.029963
43 0.411250 0.333333 0.042500 0.074906
43 0.491250 0.571161 0.242500 0.505618
43 0.373750 0.355805 0.022500 0.029963
43 0.396250 0.408240 0.017500 0.044944
43 0.610000 0.537453 0.060000 0.228464
43 0.692500 0.462547 0.040000 0.048689
43 0.725000 0.456929 0.020000 0.037453
43 0.271250 0.582397 0.087500 0.183521
43 0.750000 0.827715 0.145000 0.344569
43 0.875000 0.872659 0.055000 0.097378
43 0.527500 0.919476 0.080000 0.093633
43 0.591250 0.951311 0.047500 0.097378
43 0.451250 0.955056 0.167500 0.089888