47 0.282213 0.046000 0.060224 0.092000
47 0.605742 0.215000 0.133053 0.402000
47 0.142857 0.071000 0.086835 0.078000
47 0.537115 0.080000 0.032213 0.040000
47 0.476190 0.165000 0.053221 0.162000
47 0.306723 0.544000 0.386555 0.908000
47 0.518908 0.251000 0.054622 0.098000
47 0.472689 0.289000 0.015406 0.034000
47 0.046919 0.519000 0.093838 0.434000
47 0.475490 0.418000 0.093838 0.128000
47 0.586835 0.393000 0.022409 0.066000
47 0.483894 0.641000 0.208683 0.270000
47 0.543417 0.578000 0.044818 0.140000
47 0.601541 0.563000 0.037815 0.110000
47 0.558824 0.817000 0.103641 0.366000
47 0.504902 0.782000 0.079832 0.120000
47 0.449580 0.806000 0.019608 0.032000