48 0.279570 0.343066 0.125122 0.169343
48 0.654448 0.378102 0.126100 0.175182
48 0.752688 0.386131 0.048876 0.156204
48 0.543500 0.405839 0.095797 0.157664
48 0.826979 0.487591 0.056696 0.245255
48 0.786413 0.460584 0.028348 0.077372
48 0.250244 0.475912 0.074291 0.096350
48 0.085044 0.539416 0.130987 0.188321
48 0.401271 0.543796 0.079179 0.185401
48 0.649071 0.508029 0.064516 0.072993
48 0.753666 0.541606 0.091887 0.113869
48 0.231183 0.638686 0.086999 0.159124
48 0.392473 0.675182 0.065494 0.089051
48 0.304985 0.698540 0.062561 0.115328
48 0.460899 0.688321 0.055718 0.080292
48 0.197947 0.751095 0.040078 0.091971
48 0.413490 0.775912 0.070381 0.112409
48 0.272239 0.817518 0.088954 0.134307
48 0.161779 0.829197 0.065494 0.081752
48 0.101662 0.859124 0.048876 0.033577
48 0.119257 0.889051 0.029326 0.026277
48 0.129032 0.943066 0.035191 0.067153
48 0.189150 0.937956 0.040078 0.054015