42 0.348172 0.039375 0.107779 0.076250
42 0.828491 0.035625 0.095595 0.068750
42 0.467666 0.037500 0.024367 0.037500
42 0.757263 0.125000 0.082474 0.052500
42 0.909560 0.326875 0.171509 0.318750
42 0.335520 0.215000 0.033739 0.022500
42 0.411434 0.256250 0.059981 0.077500
42 0.728210 0.348750 0.121837 0.200000
42 0.311621 0.330625 0.044049 0.091250
42 0.384255 0.336875 0.108716 0.071250
42 0.196345 0.366250 0.100281 0.095000
42 0.607310 0.397500 0.065604 0.097500
42 0.596064 0.530625 0.078725 0.328750
42 0.959700 0.473750 0.073102 0.107500
42 0.461106 0.558125 0.202437 0.268750
42 0.716026 0.684375 0.104967 0.281250
42 0.180881 0.624375 0.088097 0.093750
42 0.203843 0.755000 0.074039 0.142500
42 0.423618 0.756875 0.153702 0.108750