43 0.792500 0.026250 0.088333 0.052500
43 0.699167 0.121563 0.081667 0.084375
43 0.550833 0.200937 0.253333 0.186875
43 0.183750 0.204063 0.105833 0.078125
43 0.730000 0.200313 0.081667 0.044375
43 0.953750 0.232187 0.077500 0.045625
43 0.317917 0.289375 0.164167 0.100000
43 0.727500 0.324688 0.088333 0.080625
43 0.648333 0.461250 0.285000 0.300000
43 0.975833 0.395625 0.048333 0.053750
43 0.820833 0.439375 0.136667 0.098750
43 0.044583 0.464687 0.080833 0.105625
43 0.887083 0.560312 0.225833 0.188125
43 0.135833 0.672813 0.191667 0.233125
43 0.370417 0.598437 0.069167 0.058125
43 0.382917 0.786875 0.250833 0.366250
43 0.712917 0.730938 0.222500 0.135625
43 0.484583 0.741875 0.120833 0.107500
43 0.322500 0.943438 0.121667 0.081875