42 0.675094 0.060284 0.485019 0.114894
42 0.511236 0.160284 0.172285 0.051064
42 0.464419 0.212057 0.029963 0.021277
42 0.508427 0.358156 0.091760 0.075177
42 0.657303 0.460284 0.262172 0.146099
42 0.041199 0.485816 0.063670 0.075177
42 0.115169 0.479433 0.050562 0.045390
42 0.307116 0.512057 0.146067 0.102128
42 0.438202 0.581560 0.082397 0.053901
42 0.533708 0.604255 0.078652 0.099291
42 0.314607 0.609929 0.086142 0.059574
42 0.465356 0.641844 0.043071 0.032624
42 0.588015 0.701418 0.153558 0.083688