47 0.284114 0.073620 0.034623 0.061350
47 0.279022 0.185583 0.028513 0.027607
47 0.314664 0.200920 0.022403 0.039877
47 0.749491 0.266871 0.065173 0.110429
47 0.646640 0.300613 0.071283 0.092025
47 0.232179 0.394172 0.191446 0.205521
47 0.715886 0.394172 0.217923 0.162577
47 0.839104 0.340491 0.024440 0.036810
47 0.355397 0.423313 0.026477 0.036810
47 0.234216 0.665644 0.048880 0.134969
47 0.491853 0.627301 0.042770 0.058282
47 0.291242 0.631902 0.028513 0.049080
47 0.336049 0.641104 0.036660 0.036810
47 0.622200 0.694785 0.026477 0.033742
47 0.568228 0.750000 0.101833 0.082822
47 0.529532 0.802147 0.109980 0.162577
47 0.327902 0.783742 0.057026 0.113497
47 0.649695 0.828221 0.114053 0.098160
47 0.358452 0.932515 0.097760 0.134969