47 0.033571 0.164234 0.047143 0.051095
47 0.164286 0.169708 0.077143 0.062044
47 0.092857 0.163321 0.025714 0.034672
47 0.490714 0.226277 0.084286 0.076642
47 0.604286 0.252737 0.040000 0.049270
47 0.679286 0.260036 0.035714 0.052920
47 0.203571 0.259124 0.032857 0.040146
47 0.142143 0.271898 0.044286 0.051095
47 0.180714 0.346715 0.161429 0.113139
47 0.564286 0.390511 0.100000 0.080292
47 0.782143 0.406022 0.055714 0.045620
47 0.650714 0.511861 0.158571 0.162409
47 0.060714 0.518248 0.101429 0.124088
47 0.154286 0.484489 0.037143 0.045620
47 0.353571 0.514599 0.041429 0.051095
47 0.464286 0.534672 0.040000 0.058394
47 0.554286 0.605839 0.120000 0.189781
47 0.799286 0.557482 0.047143 0.060219
47 0.240000 0.606752 0.054286 0.151460
47 0.882143 0.583029 0.035714 0.049270
47 0.783571 0.648723 0.118571 0.118613
47 0.379286 0.658759 0.064286 0.094891
47 0.465000 0.681569 0.052857 0.089416
47 0.694286 0.693431 0.028571 0.043796
47 0.986429 0.720803 0.027143 0.036496
47 0.635714 0.735401 0.048571 0.062044
47 0.934286 0.746350 0.037143 0.054745
47 0.736429 0.743613 0.027143 0.038321
47 0.763571 0.829380 0.155714 0.122263
47 0.127143 0.812956 0.051429 0.049270
47 0.604286 0.849453 0.042857 0.074818
47 0.277143 0.844891 0.034286 0.047445
47 0.522857 0.843066 0.028571 0.036496
47 0.354286 0.891423 0.031429 0.034672