46 0.316307 0.217500 0.034677 0.065000
46 0.332709 0.291875 0.046860 0.088750
46 0.726804 0.465000 0.062793 0.085000
46 0.400656 0.490000 0.055295 0.045000
46 0.318182 0.501250 0.023430 0.020000
46 0.496720 0.580625 0.058107 0.093750
46 0.537957 0.693750 0.026242 0.040000
46 0.446579 0.701875 0.027179 0.043750
46 0.776945 0.793125 0.086223 0.101250
46 0.561856 0.789375 0.012184 0.021250
46 0.307873 0.812500 0.010309 0.035000
46 0.756326 0.896250 0.074977 0.142500
46 0.529991 0.928125 0.060918 0.073750