47 0.101111 0.216667 0.202222 0.433333
47 0.423333 0.065000 0.251111 0.126667
47 0.272222 0.035833 0.020000 0.035000
47 0.488889 0.394167 0.920000 0.668333
47 0.315556 0.121667 0.040000 0.033333
47 0.950000 0.225833 0.064444 0.078333
47 0.811111 0.590000 0.017778 0.020000
47 0.844444 0.665000 0.040000 0.040000
47 0.358889 0.772500 0.037778 0.051667
47 0.488889 0.874167 0.128889 0.241667
47 0.758889 0.817500 0.064444 0.125000
47 0.946667 0.804167 0.062222 0.045000
47 0.841111 0.865000 0.028889 0.086667
47 0.775556 0.969167 0.177778 0.058333