45 0.287500 0.147355 0.118333 0.128463
45 0.505000 0.275819 0.323333 0.183879
45 0.250000 0.365239 0.046667 0.050378
45 0.764167 0.444584 0.215000 0.108312
45 0.419167 0.547859 0.125000 0.153652
45 0.215000 0.583123 0.093333 0.204030
45 0.058333 0.557935 0.036667 0.118388
45 0.970833 0.557935 0.051667 0.083123
45 0.530833 0.620907 0.098333 0.143577
45 0.919167 0.664987 0.148333 0.156171
45 0.690000 0.676322 0.136667 0.148615
45 0.127500 0.698992 0.051667 0.098237
45 0.285833 0.783375 0.121667 0.216625
45 0.615833 0.881612 0.048333 0.085642