43 0.291364 0.114545 0.068182 0.115152
43 0.862727 0.215152 0.038182 0.042424
43 0.740909 0.284848 0.052727 0.065455
43 0.666364 0.344848 0.058182 0.129697
43 0.523182 0.320606 0.020909 0.015758
43 0.338182 0.495758 0.150909 0.249697
43 0.539091 0.396364 0.014545 0.019394
43 0.440000 0.423030 0.050909 0.048485
43 0.557727 0.483030 0.017273 0.020606
43 0.525455 0.581212 0.047273 0.059394
43 0.090455 0.607879 0.044545 0.098182
43 0.250909 0.621818 0.034545 0.063030
43 0.183636 0.648485 0.054545 0.109091
43 0.656818 0.713939 0.173636 0.240000
43 0.410909 0.713333 0.125455 0.216970
43 0.332273 0.705455 0.080909 0.067879
43 0.866818 0.933333 0.030000 0.065455
43 0.400000 0.952121 0.032727 0.095758