42 0.478571 0.027143 0.025714 0.020000
42 0.414286 0.058571 0.028571 0.025714
42 0.321429 0.120000 0.031429 0.051429
42 0.395714 0.138571 0.020000 0.025714
42 0.592857 0.172857 0.020000 0.020000
42 0.515714 0.180000 0.031429 0.028571
42 0.470000 0.617143 0.568571 0.765714
42 0.834286 0.280000 0.068571 0.074286
42 0.734286 0.302857 0.040000 0.034286
42 0.884286 0.354286 0.037143 0.045714
42 0.678571 0.370000 0.042857 0.048571
42 0.747143 0.377143 0.037143 0.034286
42 0.664286 0.497143 0.042857 0.034286
42 0.598571 0.515714 0.037143 0.042857
42 0.642857 0.561429 0.028571 0.037143
42 0.628571 0.630000 0.062857 0.065714
42 0.711429 0.662857 0.028571 0.028571
42 0.590000 0.690000 0.025714 0.025714
42 0.641429 0.692857 0.025714 0.031429