47 0.060000 0.039474 0.030000 0.042105
47 0.147500 0.140789 0.065000 0.076316
47 0.137500 0.231579 0.041667 0.073684
47 0.280000 0.276316 0.103333 0.142105
47 0.823333 0.238158 0.053333 0.055263
47 0.056667 0.261842 0.040000 0.060526
47 0.535833 0.325000 0.045000 0.071053
47 0.761667 0.347368 0.043333 0.068421
47 0.391667 0.389474 0.030000 0.047368
47 0.250833 0.427632 0.041667 0.081579
47 0.600833 0.431579 0.028333 0.052632
47 0.655833 0.576316 0.035000 0.084211
47 0.124167 0.632895 0.041667 0.071053
47 0.055833 0.656579 0.075000 0.097368
47 0.501667 0.751316 0.040000 0.060526
47 0.362500 0.822368 0.051667 0.060526
47 0.688333 0.827632 0.043333 0.055263
47 0.119167 0.913158 0.035000 0.063158
47 0.478333 0.950000 0.046667 0.089474