48 0.560145 0.050193 0.201449 0.100386
48 0.410145 0.196911 0.130435 0.289575
48 0.497826 0.129344 0.068116 0.046332
48 0.804348 0.295367 0.260870 0.343629
48 0.553623 0.252896 0.156522 0.119691
48 0.342754 0.385135 0.120290 0.152510
48 0.576087 0.481660 0.131884 0.194981
48 0.197101 0.440154 0.057971 0.092664
48 0.442029 0.524131 0.072464 0.052124
48 0.126812 0.577220 0.047826 0.096525
48 0.442029 0.612934 0.159420 0.137066
48 0.641304 0.656371 0.195652 0.216216
48 0.063043 0.698842 0.100000 0.258687
48 0.192754 0.783784 0.133333 0.432432
48 0.426812 0.755792 0.256522 0.148649
48 0.645652 0.842664 0.317391 0.306950