43 0.208333 0.119318 0.207576 0.238636
43 0.453030 0.060227 0.015152 0.025000
43 0.475758 0.090909 0.015152 0.031818
43 0.570455 0.089773 0.016667 0.015909
43 0.449242 0.143182 0.016667 0.022727
43 0.560606 0.151136 0.015152 0.025000
43 0.566667 0.227273 0.078788 0.100000
43 0.447727 0.210227 0.016667 0.025000
43 0.631818 0.213636 0.015152 0.022727
43 0.256818 0.295455 0.053030 0.095455
43 0.465909 0.267045 0.016667 0.025000
43 0.584848 0.377273 0.075758 0.109091
43 0.267424 0.411364 0.065152 0.118182
43 0.218939 0.377273 0.019697 0.040909
43 0.320455 0.397727 0.040909 0.045455
43 0.531818 0.405682 0.015152 0.025000
43 0.324242 0.523864 0.030303 0.038636
43 0.557576 0.523864 0.021212 0.038636
43 0.185606 0.536364 0.022727 0.036364
43 0.318939 0.586364 0.046970 0.072727
43 0.050758 0.615909 0.071212 0.100000
43 0.586364 0.588636 0.021212 0.040909
43 0.259848 0.615909 0.022727 0.036364
43 0.646970 0.662500 0.078788 0.125000
43 0.192424 0.636364 0.027273 0.050000
43 0.290152 0.694318 0.040909 0.061364
43 0.243182 0.696591 0.046970 0.056818
43 0.058333 0.690909 0.028788 0.036364
43 0.576515 0.709091 0.031818 0.045455
43 0.315909 0.754545 0.016667 0.031818
43 0.053788 0.794318 0.022727 0.061364
43 0.118182 0.794318 0.021212 0.034091
43 0.345455 0.828409 0.024242 0.038636
43 0.052273 0.880682 0.053030 0.075000
43 0.812879 0.871591 0.028788 0.047727
43 0.470455 0.892045 0.019697 0.047727
43 0.129545 0.902273 0.025758 0.040909
43 0.415152 0.951136 0.072727 0.097727
43 0.049242 0.943182 0.019697 0.040909
43 0.106061 0.967045 0.018182 0.029545