48 0.682129 0.145182 0.276367 0.290365
48 0.459961 0.179036 0.205078 0.212240
48 0.580078 0.176432 0.064453 0.069010
48 0.367676 0.305990 0.157227 0.119792
48 0.622070 0.371745 0.156250 0.188802
48 0.759277 0.419271 0.131836 0.192708
48 0.426758 0.394531 0.037109 0.075521
48 0.522461 0.393229 0.056641 0.057292
48 0.319336 0.416016 0.074219 0.087240
48 0.560547 0.434896 0.091797 0.075521
48 0.474121 0.447917 0.032227 0.049479
48 0.597656 0.499349 0.037109 0.058594
48 0.379883 0.518880 0.042969 0.061198
48 0.315918 0.616536 0.155273 0.217448
48 0.640137 0.542969 0.026367 0.062500
48 0.766602 0.679688 0.214844 0.296875
48 0.427734 0.589844 0.050781 0.046875
48 0.596191 0.711589 0.127930 0.134115
48 0.469727 0.838542 0.175781 0.320312
48 0.303711 0.835286 0.166016 0.214844