47 0.295625 0.045028 0.063750 0.090056
47 0.713750 0.218574 0.422500 0.437148
47 0.810000 0.116323 0.230000 0.232645
47 0.463125 0.106004 0.043750 0.028143
47 0.408125 0.125704 0.023750 0.056285
47 0.281875 0.269231 0.251250 0.335835
47 0.011875 0.187617 0.018750 0.026266
47 0.439375 0.189493 0.008750 0.022514
47 0.083750 0.204503 0.010000 0.022514
47 0.469375 0.303940 0.051250 0.157598
47 0.006250 0.301126 0.007500 0.020638
47 0.325625 0.350844 0.011250 0.026266
47 0.879375 0.407129 0.078750 0.071295
47 0.464375 0.611632 0.183750 0.409006
47 0.286875 0.460600 0.043750 0.073171
47 0.890000 0.477486 0.070000 0.095685
47 0.715000 0.565666 0.045000 0.118199
47 0.063125 0.532833 0.023750 0.030019
47 0.780000 0.546904 0.067500 0.050657
47 0.028125 0.622889 0.056250 0.097561
47 0.670625 0.583490 0.008750 0.015009
47 0.203750 0.647280 0.105000 0.131332
47 0.297500 0.661351 0.127500 0.151970
47 0.811875 0.601313 0.018750 0.028143
47 0.028125 0.712008 0.016250 0.050657
47 0.166875 0.823640 0.176250 0.266417
47 0.077500 0.739212 0.017500 0.033771
47 0.416875 0.834897 0.078750 0.165103
47 0.042500 0.818011 0.017500 0.022514
47 0.590000 0.848968 0.160000 0.073171
47 0.350625 0.927767 0.138750 0.095685
47 0.133750 0.952158 0.135000 0.039400
47 0.203125 0.972795 0.001250 0.001876