48 0.917188 0.139583 0.131250 0.237500
48 0.670312 0.106250 0.131250 0.145833
48 0.425000 0.231250 0.475000 0.325000
48 0.798438 0.245833 0.096875 0.116667
48 0.798438 0.562500 0.403125 0.683333
48 0.175000 0.454167 0.115625 0.270833
48 0.323437 0.461458 0.056250 0.147917
48 0.460938 0.758333 0.259375 0.458333
48 0.353125 0.626042 0.078125 0.089583
48 0.254688 0.765625 0.137500 0.252083
48 0.071094 0.847917 0.142187 0.225000
48 0.929688 0.884375 0.140625 0.231250
48 0.707812 0.955208 0.106250 0.081250