47 0.106875 0.258590 0.213750 0.517179
47 0.546250 0.058770 0.060000 0.117541
47 0.913750 0.147378 0.167500 0.294756
47 0.966250 0.032550 0.027500 0.065099
47 0.217500 0.094033 0.130000 0.166365
47 0.309375 0.160036 0.063750 0.265823
47 0.657500 0.079566 0.047500 0.032550
47 0.505000 0.185353 0.117500 0.189873
47 0.591875 0.099458 0.011250 0.018083
47 0.664375 0.127486 0.056250 0.059675
47 0.835625 0.153707 0.053750 0.104882
47 0.752500 0.155515 0.012500 0.018083
47 0.618125 0.167269 0.011250 0.016275
47 0.685000 0.186257 0.012500 0.018083
47 0.670625 0.273056 0.091250 0.151899
47 0.800625 0.215190 0.026250 0.032550
47 0.615000 0.209765 0.010000 0.014467
47 0.577500 0.223327 0.017500 0.023508
47 0.870625 0.226944 0.041250 0.030741
47 0.403125 0.412297 0.161250 0.394213
47 0.726250 0.230561 0.015000 0.023508
47 0.578750 0.258590 0.020000 0.032550
47 0.595625 0.252260 0.008750 0.016275
47 0.964375 0.267631 0.016250 0.018083
47 0.991250 0.296564 0.017500 0.039783
47 0.943125 0.299277 0.011250 0.019892
47 0.786250 0.315552 0.015000 0.045208
47 0.818125 0.311935 0.031250 0.037975
47 0.956250 0.320976 0.015000 0.023508
47 0.524375 0.349910 0.043750 0.063291
47 0.985000 0.335443 0.015000 0.023508
47 0.768750 0.387884 0.022500 0.124774
47 0.835625 0.348101 0.008750 0.012658
47 0.863750 0.383363 0.015000 0.018083
47 0.790000 0.395118 0.012500 0.019892
47 0.893750 0.398734 0.012500 0.019892
47 0.920000 0.412297 0.012500 0.018083
47 0.878750 0.419530 0.012500 0.018083
47 0.487500 0.437613 0.017500 0.018083
47 0.903750 0.471067 0.030000 0.088608
47 0.809375 0.474684 0.031250 0.084991
47 0.531875 0.457505 0.021250 0.036166
47 0.550625 0.487342 0.013750 0.019892
47 0.462500 0.515371 0.040000 0.068716
47 0.519375 0.493671 0.013750 0.025316
47 0.554375 0.517179 0.011250 0.018083
47 0.517500 0.532550 0.012500 0.027125
47 0.566875 0.555154 0.018750 0.028933
47 0.503125 0.559675 0.018750 0.023508
47 0.463125 0.580470 0.026250 0.043400
47 0.856875 0.617541 0.041250 0.117541
47 0.538750 0.575045 0.012500 0.014467
47 0.503125 0.572333 0.001250 0.001808
47 0.537500 0.595841 0.012500 0.016275
47 0.525000 0.622061 0.010000 0.018083
47 0.388125 0.622061 0.008750 0.014467
47 0.552500 0.636528 0.015000 0.018083
47 0.573750 0.664557 0.020000 0.030741
47 0.388750 0.679928 0.020000 0.039783
47 0.518125 0.680832 0.013750 0.016275
47 0.456875 0.746835 0.108750 0.122966
47 0.940000 0.698915 0.010000 0.016275
47 0.540000 0.722423 0.010000 0.016275
47 0.973750 0.735081 0.010000 0.016275
47 0.936875 0.779385 0.076250 0.072333
47 0.985625 0.761302 0.016250 0.036166
47 0.500625 0.815552 0.011250 0.018083
47 0.989375 0.867993 0.021250 0.057866