48 0.351429 0.262857 0.077143 0.083810
48 0.268571 0.299048 0.077143 0.099048
48 0.487143 0.409524 0.091429 0.205714
48 0.337857 0.380952 0.078571 0.091429
48 0.642143 0.416190 0.204286 0.131429
48 0.180000 0.399048 0.094286 0.070476
48 0.274286 0.493333 0.160000 0.209524
48 0.560000 0.571429 0.151429 0.156190
48 0.342857 0.773333 0.214286 0.422857
48 0.488571 0.648571 0.102857 0.169524
48 0.637857 0.748571 0.144286 0.095238
48 0.452857 0.800952 0.091429 0.173333
48 0.522857 0.887619 0.062857 0.217143
48 0.667857 0.873333 0.172857 0.123810