43 0.277000 0.261029 0.074000 0.071078
43 0.667000 0.337010 0.062000 0.071078
43 0.812000 0.384804 0.068000 0.098039
43 0.731000 0.362745 0.026000 0.044118
43 0.576000 0.398284 0.036000 0.056373
43 0.285000 0.426471 0.062000 0.068627
43 0.720000 0.436275 0.076000 0.088235
43 0.660000 0.444853 0.028000 0.041667
43 0.796000 0.469363 0.036000 0.056373
43 0.221000 0.468137 0.026000 0.029412
43 0.462000 0.593137 0.368000 0.240196
43 0.752000 0.563725 0.088000 0.102941
43 0.093000 0.587010 0.166000 0.144608
43 0.897000 0.687500 0.050000 0.115196
43 0.975000 0.694853 0.042000 0.061275
43 0.822000 0.693627 0.036000 0.044118
43 0.212000 0.841912 0.060000 0.129902