47 0.858475 0.171687 0.201695 0.253012
47 0.691525 0.236446 0.057627 0.256024
47 0.717797 0.180723 0.028814 0.066265
47 0.766102 0.307229 0.016949 0.030120
47 0.918644 0.331325 0.040678 0.036145
47 0.840678 0.441265 0.054237 0.189759
47 0.646610 0.390060 0.028814 0.039157
47 0.676271 0.438253 0.027119 0.063253
47 0.788136 0.429217 0.013559 0.021084
47 0.594915 0.507530 0.098305 0.117470
47 0.728814 0.481928 0.030508 0.042169
47 0.694068 0.495482 0.028814 0.057229
47 0.389831 0.500000 0.027119 0.054217
47 0.321186 0.540663 0.042373 0.093373
47 0.677119 0.641566 0.035593 0.265060
47 0.536441 0.596386 0.069492 0.162651
47 0.704237 0.555723 0.025424 0.057229
47 0.417797 0.603916 0.049153 0.081325
47 0.355932 0.609940 0.023729 0.051205
47 0.762712 0.746988 0.108475 0.204819
47 0.734746 0.677711 0.015254 0.024096
47 0.544915 0.751506 0.083051 0.111446
47 0.455085 0.783133 0.055932 0.078313