42 0.258993 0.097473 0.028777 0.028881
42 0.677458 0.160650 0.064748 0.097473
42 0.050360 0.222022 0.100719 0.198556
42 0.587530 0.158845 0.047962 0.057762
42 0.333333 0.225632 0.071942 0.133574
42 0.750600 0.182310 0.019185 0.039711
42 0.163070 0.189531 0.100719 0.046931
42 0.601918 0.232852 0.091127 0.083032
42 0.264988 0.238267 0.031175 0.036101
42 0.537170 0.344765 0.153477 0.148014
42 0.169065 0.328520 0.055156 0.108303
42 0.419664 0.398917 0.148681 0.169675
42 0.312950 0.366426 0.031175 0.046931
42 0.273381 0.454874 0.023981 0.050542
42 0.328537 0.487365 0.076739 0.108303
42 0.449640 0.608303 0.136691 0.220217
42 0.176259 0.568592 0.050360 0.075812
42 0.261391 0.664260 0.143885 0.144404
42 0.804556 0.844765 0.131894 0.245487
42 0.022782 0.927798 0.031175 0.057762
42 0.166667 0.949458 0.031175 0.043321