42 0.929688 0.108333 0.128125 0.120833
42 0.199219 0.089583 0.042188 0.041667
42 0.288281 0.175000 0.110937 0.129167
42 0.227344 0.157292 0.045312 0.085417
42 0.639062 0.142708 0.025000 0.035417
42 0.148438 0.205208 0.043750 0.039583
42 0.771875 0.243750 0.078125 0.050000
42 0.658594 0.287500 0.104688 0.116667
42 0.389062 0.270833 0.040625 0.054167
42 0.434375 0.311458 0.046875 0.114583
42 0.202344 0.308333 0.092188 0.070833
42 0.575781 0.305208 0.042188 0.064583
42 0.524219 0.372917 0.048438 0.037500
42 0.638281 0.378125 0.042188 0.043750
42 0.732812 0.411458 0.093750 0.097917
42 0.300781 0.407292 0.054688 0.077083
42 0.117969 0.394792 0.076563 0.047917
42 0.509375 0.441667 0.037500 0.041667
42 0.263281 0.472917 0.070312 0.037500
42 0.565625 0.475000 0.025000 0.041667
42 0.755469 0.494792 0.092188 0.052083
42 0.563281 0.553125 0.042188 0.056250
42 0.178125 0.588542 0.100000 0.114583
42 0.348438 0.571875 0.031250 0.035417
42 0.292187 0.620833 0.053125 0.104167
42 0.525000 0.645833 0.050000 0.070833
42 0.866406 0.645833 0.107813 0.075000
42 0.292969 0.787500 0.235937 0.300000
42 0.432031 0.721875 0.039062 0.052083
42 0.841406 0.731250 0.032813 0.037500
42 0.470313 0.779167 0.062500 0.050000
42 0.761719 0.814583 0.035937 0.062500
42 0.619531 0.912500 0.176563 0.137500