48 0.810937 0.101993 0.303125 0.203986
48 0.598047 0.072685 0.100781 0.098476
48 0.300391 0.103751 0.142969 0.146542
48 0.079687 0.192263 0.148438 0.203986
48 0.349609 0.200469 0.072656 0.168816
48 0.178906 0.307737 0.110937 0.195780
48 0.682031 0.443728 0.353125 0.404455
48 0.286328 0.368113 0.089844 0.135991
48 0.414062 0.361079 0.067187 0.096131
48 0.424609 0.568581 0.146094 0.119578
48 0.911328 0.669402 0.141406 0.307151
48 0.513672 0.705744 0.207031 0.274326
48 0.659375 0.695780 0.070312 0.127784
48 0.811328 0.683470 0.036719 0.049238
48 0.731641 0.834701 0.158594 0.330598