47 0.803440 0.342795 0.226044 0.685590
47 0.362408 0.213974 0.054054 0.096070
47 0.452703 0.248908 0.040541 0.082969
47 0.538698 0.279476 0.072482 0.109170
47 0.419533 0.368996 0.148649 0.248908
47 0.251229 0.420306 0.165848 0.255459
47 0.578010 0.487991 0.114251 0.172489
47 0.335995 0.673581 0.173219 0.430131
47 0.131450 0.617904 0.120393 0.288210
47 0.466216 0.541485 0.062654 0.113537
47 0.495086 0.613537 0.022113 0.048035
47 0.536855 0.760917 0.100737 0.233624
47 0.455160 0.734716 0.025799 0.098253