43 0.695312 0.054779 0.053711 0.081618
43 0.510254 0.165809 0.033203 0.046324
43 0.447510 0.258824 0.049316 0.085294
43 0.375244 0.285662 0.040527 0.077206
43 0.542480 0.327206 0.057617 0.066176
43 0.071777 0.476103 0.061523 0.058088
43 0.479736 0.524632 0.059082 0.144853
43 0.860107 0.538603 0.024902 0.043382
43 0.524414 0.634191 0.119141 0.163971
43 0.906982 0.786765 0.023926 0.050000
43 0.221924 0.904779 0.056152 0.178676
43 0.672363 0.954779 0.047852 0.090441
43 0.745605 0.976838 0.050781 0.044853