47 0.864217 0.049107 0.041534 0.032738
47 0.376997 0.069940 0.044728 0.044643
47 0.629393 0.129464 0.044728 0.038690
47 0.509585 0.194940 0.041534 0.038690
47 0.607029 0.267857 0.025559 0.029762
47 0.648562 0.281250 0.038339 0.044643
47 0.619808 0.343750 0.044728 0.044643
47 0.797125 0.380952 0.124601 0.101190
47 0.507987 0.367560 0.044728 0.050595
47 0.947284 0.467262 0.028754 0.035714
47 0.769968 0.494048 0.057508 0.059524
47 0.290735 0.709821 0.549521 0.366071
47 0.602236 0.654762 0.047923 0.053571
47 0.832268 0.657738 0.041534 0.041667
47 0.709265 0.733631 0.115016 0.068452
47 0.910543 0.802083 0.063898 0.050595
47 0.595847 0.875000 0.047923 0.047619
47 0.704473 0.880952 0.041534 0.041667
47 0.415335 0.906250 0.089457 0.062500
47 0.685304 0.931548 0.035144 0.035714
47 0.611821 0.943452 0.047923 0.053571
47 0.742812 0.961310 0.047923 0.041667
47 0.857827 0.982143 0.041534 0.029762