47 0.164000 0.078000 0.146667 0.156000
47 0.760000 0.031000 0.122667 0.058000
47 0.706667 0.151000 0.112000 0.134000
47 0.533333 0.225000 0.266667 0.230000
47 0.188000 0.241000 0.114667 0.138000
47 0.946667 0.231000 0.053333 0.038000
47 0.313333 0.306000 0.189333 0.128000
47 0.988000 0.299000 0.024000 0.030000
47 0.721333 0.322000 0.082667 0.064000
47 0.585333 0.462000 0.194667 0.292000
47 0.061333 0.476000 0.117333 0.268000
47 0.976000 0.401000 0.048000 0.050000
47 0.814667 0.437000 0.120000 0.086000
47 0.778667 0.672000 0.442667 0.396000
47 0.366667 0.506000 0.109333 0.048000
47 0.514667 0.544000 0.058667 0.052000
47 0.338667 0.730000 0.176000 0.368000
47 0.129333 0.675000 0.189333 0.226000
47 0.486667 0.707000 0.141333 0.182000
47 0.210667 0.827000 0.037333 0.026000
47 0.698667 0.937000 0.266667 0.122000
47 0.365333 0.949000 0.298667 0.098000