43 0.256250 0.268362 0.035000 0.058380
43 0.309375 0.290960 0.038750 0.058380
43 0.500000 0.279661 0.042500 0.035782
43 0.655000 0.317326 0.037500 0.065913
43 0.501250 0.337100 0.030000 0.060264
43 0.590000 0.367232 0.030000 0.045198
43 0.620000 0.422787 0.022500 0.028249
43 0.515625 0.558380 0.031250 0.092279
43 0.602500 0.549906 0.035000 0.045198
43 0.583750 0.612053 0.032500 0.064030
43 0.425000 0.717514 0.085000 0.241055
43 0.427500 0.808851 0.047500 0.141243
43 0.474375 0.768362 0.028750 0.056497