47 0.633511 0.127036 0.138184 0.190879
47 0.138518 0.199023 0.046061 0.201303
47 0.724299 0.157655 0.051402 0.061889
47 0.362150 0.170684 0.061415 0.048208
47 0.801235 0.212704 0.044393 0.078176
47 0.917891 0.294137 0.141522 0.225407
47 0.672897 0.281759 0.039386 0.125733
47 0.545728 0.282085 0.052069 0.069707
47 0.337283 0.289414 0.044393 0.055049
47 0.089953 0.381107 0.144526 0.198697
47 0.837784 0.384365 0.073431 0.136808
47 0.777370 0.349674 0.042056 0.021824
47 0.414720 0.473616 0.180574 0.268404
47 0.660547 0.397068 0.119493 0.101629
47 0.711282 0.480456 0.123498 0.135505
47 0.873832 0.536319 0.114820 0.209446
47 0.106308 0.559609 0.035047 0.140717
47 0.261015 0.567590 0.096128 0.140391
47 0.542891 0.648208 0.167223 0.287948
47 0.927570 0.598046 0.139519 0.140065
47 0.232977 0.638274 0.109479 0.054397
47 0.133678 0.755700 0.077103 0.232573
47 0.223798 0.718567 0.113818 0.094463
47 0.847964 0.854072 0.175234 0.290554
47 0.976469 0.777362 0.035714 0.120195
47 0.276702 0.801140 0.113485 0.039414
47 0.297730 0.878339 0.095461 0.077199
47 0.383511 0.933388 0.109479 0.131922
47 0.126502 0.955700 0.036048 0.083388