42 0.645018 0.177033 0.062278 0.162679
42 0.390569 0.251196 0.030249 0.038278
42 0.096085 0.333732 0.064057 0.102871
42 0.334520 0.313397 0.024911 0.038278
42 0.258007 0.366029 0.028470 0.066986
42 0.391459 0.351675 0.021352 0.033493
42 0.171708 0.435407 0.076512 0.081340
42 0.031139 0.433014 0.019573 0.047847
42 0.306940 0.467703 0.030249 0.040670
42 0.370996 0.464115 0.012456 0.023923
42 0.013345 0.513158 0.023132 0.064593
42 0.102313 0.492823 0.023132 0.023923
42 0.290925 0.521531 0.033808 0.033493
42 0.363879 0.525120 0.026690 0.031100
42 0.144128 0.557416 0.046263 0.047847
42 0.495552 0.639952 0.048043 0.174641
42 0.352313 0.602871 0.021352 0.033493
42 0.086299 0.617225 0.023132 0.028708
42 0.773132 0.747608 0.218861 0.284689
42 0.138790 0.680622 0.056940 0.045455
42 0.437722 0.668660 0.014235 0.021531
42 0.080961 0.738038 0.026690 0.026316