43 0.480053 0.055500 0.013298 0.037000
43 0.498404 0.296500 0.270213 0.351000
43 0.370479 0.180000 0.022872 0.044000
43 0.327660 0.547500 0.117021 0.581000
43 0.633245 0.339500 0.038830 0.043000
43 0.596277 0.437000 0.037234 0.100000
43 0.539096 0.490000 0.019681 0.034000
43 0.646277 0.548000 0.053191 0.070000
43 0.542287 0.558000 0.020745 0.042000
43 0.555319 0.622000 0.020213 0.058000
43 0.588298 0.670500 0.022340 0.053000
43 0.383245 0.759500 0.087766 0.179000
43 0.491223 0.720500 0.022872 0.059000
43 0.633245 0.790000 0.077128 0.164000