47 0.297656 0.150235 0.167187 0.131455
47 0.906250 0.276995 0.068750 0.093897
47 0.412500 0.386150 0.043750 0.049296
47 0.360156 0.433099 0.023438 0.044601
47 0.071875 0.600939 0.118750 0.286385
47 0.381250 0.531690 0.043750 0.119718
47 0.485156 0.537559 0.042188 0.103286
47 0.055469 0.523474 0.010937 0.028169
47 0.761719 0.750000 0.404687 0.476526
47 0.550000 0.568075 0.025000 0.037559
47 0.503125 0.647887 0.015625 0.042254
47 0.370312 0.674883 0.100000 0.063380
47 0.343750 0.739437 0.043750 0.061033
47 0.271875 0.760563 0.075000 0.079812
47 0.556250 0.746479 0.037500 0.042254
47 0.391406 0.787559 0.035937 0.053991
47 0.450781 0.779343 0.010937 0.018779
47 0.270313 0.894366 0.125000 0.169014
47 0.481250 0.842723 0.065625 0.056338
47 0.461719 0.909624 0.020313 0.021127
47 0.387500 0.934272 0.096875 0.061033
47 0.588281 0.937793 0.020313 0.058685
47 0.510156 0.960094 0.045312 0.075117