43 0.795818 0.098958 0.029520 0.062500
43 0.090406 0.178819 0.136531 0.086806
43 0.840713 0.394965 0.198032 0.505208
43 0.385609 0.178819 0.057811 0.059028
43 0.501230 0.225694 0.033210 0.041667
43 0.571956 0.448785 0.366544 0.463542
43 0.972940 0.303819 0.027060 0.052083
43 0.327183 0.444444 0.113161 0.187500
43 0.980935 0.465278 0.030750 0.083333
43 0.228167 0.466146 0.033210 0.057292
43 0.930504 0.530382 0.038130 0.046875
43 0.086716 0.606771 0.119311 0.140625
43 0.229397 0.581597 0.043050 0.045139
43 0.298893 0.631944 0.095941 0.118056
43 0.702952 0.621528 0.060271 0.069444
43 0.752153 0.714410 0.065191 0.064236
43 0.201722 0.740451 0.036900 0.036458
43 0.838868 0.849826 0.036900 0.043403