47 0.415254 0.027108 0.027119 0.042169
47 0.180508 0.099398 0.011864 0.030120
47 0.347458 0.140060 0.101695 0.111446
47 0.429661 0.268072 0.171186 0.216867
47 0.170339 0.216867 0.042373 0.096386
47 0.284746 0.316265 0.138983 0.108434
47 0.141525 0.328313 0.062712 0.108434
47 0.556780 0.313253 0.028814 0.078313
47 0.727966 0.444277 0.201695 0.195783
47 0.239831 0.388554 0.015254 0.036145
47 0.508475 0.411145 0.030508 0.039157
47 0.453390 0.436747 0.042373 0.072289
47 0.397458 0.426205 0.032203 0.039157
47 0.588136 0.480422 0.145763 0.075301
47 0.230508 0.620482 0.077966 0.259036
47 0.348305 0.563253 0.035593 0.060241
47 0.037288 0.650602 0.067797 0.204819
47 0.108475 0.701807 0.108475 0.295181
47 0.530508 0.597892 0.016949 0.039157
47 0.579661 0.644578 0.027119 0.042169
47 0.765254 0.682229 0.140678 0.117470
47 0.337288 0.745482 0.050847 0.195783
47 0.510169 0.715361 0.030508 0.099398
47 0.573729 0.734940 0.079661 0.120482
47 0.708475 0.805723 0.071186 0.045181