46 0.139844 0.224502 0.173437 0.083236
46 0.736719 0.218640 0.145313 0.069168
46 0.265625 0.318288 0.100000 0.076202
46 0.523438 0.322392 0.115625 0.077374
46 0.075781 0.331184 0.151562 0.062134
46 0.070312 0.394490 0.140625 0.134818
46 0.863281 0.426143 0.260937 0.179367
46 0.277344 0.421454 0.101562 0.064478
46 0.213281 0.507620 0.223438 0.110199
46 0.696094 0.715123 0.357812 0.243845
46 0.160938 0.752638 0.256250 0.213365
46 0.306250 0.760258 0.071875 0.078546
46 0.300000 0.854045 0.121875 0.106682
46 0.341406 0.845838 0.001563 0.001172
46 0.457813 0.944314 0.334375 0.111372
46 0.328906 0.910317 0.001563 0.001172