42 0.687000 0.075710 0.226000 0.145110
42 0.492000 0.170347 0.044000 0.082019
42 0.908000 0.274448 0.184000 0.296530
42 0.524000 0.222397 0.064000 0.179811
42 0.288000 0.274448 0.124000 0.252366
42 0.072000 0.318612 0.144000 0.328076
42 0.688000 0.307571 0.232000 0.230284
42 0.547000 0.586751 0.326000 0.435331
42 0.411000 0.574132 0.070000 0.056782
42 0.265000 0.722397 0.038000 0.056782
42 0.752000 0.837539 0.112000 0.141956
42 0.617000 0.854890 0.126000 0.170347
42 0.548000 0.817035 0.024000 0.037855
42 0.385000 0.862776 0.034000 0.053628
42 0.223000 0.884858 0.046000 0.041009
42 0.478000 0.883281 0.028000 0.037855
42 0.076000 0.935331 0.128000 0.123028
42 0.715000 0.947950 0.118000 0.104101
42 0.827000 0.949527 0.062000 0.100946
42 0.328000 0.968454 0.036000 0.063091