42 0.658317 0.532508 0.198397 0.452012
42 0.030060 0.444272 0.060120 0.126935
42 0.915832 0.462848 0.052104 0.083591
42 0.846693 0.565015 0.098196 0.226006
42 0.227455 0.500000 0.022044 0.034056
42 0.469940 0.611455 0.074148 0.250774
42 0.976954 0.589783 0.046092 0.164087
42 0.039078 0.707430 0.078156 0.269350
42 0.144289 0.613003 0.024048 0.037152
42 0.379760 0.695046 0.026052 0.040248
42 0.726453 0.763158 0.082164 0.077399
42 0.820641 0.801858 0.054108 0.043344
42 0.226453 0.842105 0.028056 0.037152