48 0.369728 0.181250 0.154639 0.190000
48 0.544517 0.270625 0.166823 0.241250
48 0.375820 0.310000 0.140581 0.140000
48 0.775070 0.500000 0.183693 0.440000
48 0.177601 0.436875 0.152765 0.193750
48 0.419400 0.403750 0.059044 0.040000
48 0.474227 0.468125 0.069353 0.081250
48 0.364105 0.488750 0.117151 0.050000
48 0.536082 0.612500 0.148079 0.210000
48 0.369260 0.591875 0.026242 0.056250
48 0.730084 0.648125 0.067479 0.126250
48 0.641050 0.671875 0.067479 0.091250
48 0.492034 0.716250 0.131209 0.110000
48 0.527179 0.846250 0.216495 0.272500
48 0.781162 0.791875 0.077788 0.118750
48 0.202905 0.766875 0.137769 0.058750
48 0.327554 0.826875 0.057170 0.106250
48 0.756795 0.892500 0.102156 0.157500
48 0.660262 0.952500 0.113402 0.095000