48 0.943115 0.050522 0.090332 0.069752
48 0.855713 0.080834 0.068848 0.089961
48 0.781250 0.138527 0.069336 0.149283
48 0.902344 0.087027 0.026367 0.041069
48 0.955078 0.125815 0.089844 0.063885
48 0.860107 0.143416 0.051270 0.052151
48 0.920654 0.238266 0.148926 0.121904
48 0.709473 0.286180 0.064453 0.105606
48 0.300049 0.337027 0.046387 0.123859
48 0.406250 0.364407 0.061523 0.149935
48 0.227051 0.349413 0.074219 0.095176
48 0.349121 0.479791 0.109375 0.258149
48 0.837158 0.433181 0.156738 0.102347
48 0.522217 0.454042 0.110840 0.141460
48 0.258057 0.508475 0.131348 0.242503
48 0.641113 0.436115 0.046875 0.067797
48 0.459473 0.462190 0.011719 0.035202
48 0.428467 0.517927 0.054199 0.084094
48 0.572998 0.519557 0.050293 0.063885
48 0.180908 0.615711 0.078613 0.133638
48 0.677979 0.585398 0.043457 0.065189
48 0.577881 0.632986 0.056152 0.045632
48 0.544434 0.673403 0.065430 0.097784
48 0.620850 0.654824 0.055176 0.060626
48 0.358154 0.638853 0.049316 0.022164
48 0.403320 0.675359 0.047852 0.071708
48 0.447021 0.699478 0.079590 0.119948
48 0.345215 0.689700 0.049805 0.053455
48 0.086182 0.794003 0.171387 0.195567
48 0.499268 0.724250 0.023926 0.035202
48 0.237305 0.779987 0.083008 0.127119
48 0.374268 0.841591 0.103027 0.216428
48 0.511230 0.841591 0.061523 0.113429
48 0.727783 0.920795 0.063965 0.153194
48 0.253906 0.931877 0.077148 0.134941
48 0.793457 0.937419 0.064453 0.110821
48 0.335205 0.968709 0.050293 0.061278