42 0.537891 0.250588 0.021417 0.035294
42 0.434926 0.305882 0.026359 0.084706
42 0.671334 0.290588 0.021417 0.035294
42 0.490939 0.290588 0.013180 0.021176
42 0.617792 0.318824 0.032949 0.044706
42 0.485173 0.340000 0.031301 0.040000
42 0.799835 0.394118 0.060956 0.054118
42 0.533773 0.412941 0.019769 0.025882
42 0.616145 0.438824 0.032949 0.049412
42 0.720758 0.448235 0.057661 0.058824
42 0.648270 0.461176 0.014827 0.032941
42 0.268534 0.481176 0.042834 0.044706
42 0.509061 0.472941 0.019769 0.032941
42 0.048600 0.495294 0.024712 0.025882
42 0.770181 0.512941 0.047776 0.065882
42 0.392092 0.544706 0.026359 0.049412
42 0.637562 0.563529 0.032949 0.044706
42 0.937397 0.571765 0.036244 0.051765
42 0.170511 0.603529 0.021417 0.035294
42 0.705107 0.624706 0.049423 0.082353
42 0.614498 0.608235 0.019769 0.040000
42 0.420099 0.702353 0.023064 0.035294
42 0.663097 0.704706 0.024712 0.040000
42 0.752883 0.812941 0.118616 0.181176
42 0.484349 0.765882 0.049423 0.072941
42 0.612850 0.777647 0.019769 0.030588
42 0.320428 0.834118 0.014827 0.021176
42 0.402801 0.858824 0.014827 0.023529
42 0.566722 0.878824 0.026359 0.049412
42 0.419275 0.964706 0.014827 0.023529