42 0.410058 0.176248 0.042553 0.034796
42 0.079304 0.176248 0.019342 0.016641
42 0.035783 0.219365 0.032882 0.039334
42 0.410058 0.249622 0.027079 0.042360
42 0.088975 0.328290 0.177950 0.166415
42 0.236944 0.301815 0.063830 0.037821
42 0.287234 0.315431 0.036750 0.037821
42 0.122824 0.490923 0.245648 0.316188
42 0.280464 0.362330 0.054159 0.040847
42 0.259188 0.396369 0.034816 0.030257
42 0.066731 0.425870 0.025145 0.031770
42 0.581238 0.422844 0.032882 0.028744
42 0.016441 0.423601 0.021277 0.018154
42 0.975822 0.459909 0.036750 0.048411
42 0.006770 0.489410 0.013540 0.016641
42 0.711799 0.512103 0.050290 0.034796
42 0.671180 0.573374 0.030948 0.030257
42 0.610251 0.577156 0.032882 0.031770
42 0.495164 0.580182 0.054159 0.034796
42 0.398453 0.636157 0.139265 0.065053
42 0.634429 0.631619 0.069632 0.052950
42 0.836557 0.649773 0.121857 0.055976
42 0.915861 0.642209 0.029014 0.019667
42 0.503868 0.652799 0.036750 0.034796
42 0.975822 0.666415 0.029014 0.028744
42 0.688588 0.709531 0.054159 0.090772
42 0.647969 0.702723 0.034816 0.031770
42 0.617021 0.720877 0.023211 0.019667
42 0.448743 0.733737 0.027079 0.024206
42 0.635397 0.864599 0.268859 0.267776
42 0.823017 0.739788 0.021277 0.021180
42 0.908124 0.768533 0.071567 0.069592
42 0.455513 0.788956 0.032882 0.028744
42 0.921663 0.845688 0.056093 0.051437