45 0.263848 0.050518 0.110787 0.095855
45 0.374636 0.117876 0.032070 0.095855
45 0.545190 0.142487 0.040816 0.077720
45 0.356414 0.220207 0.051020 0.056995
45 0.764577 0.242228 0.033528 0.080311
45 0.625364 0.330311 0.032070 0.044041
45 0.235423 0.348446 0.042274 0.054404
45 0.320700 0.378238 0.046647 0.041451
45 0.195335 0.446891 0.119534 0.137306
45 0.833819 0.430052 0.081633 0.082902
45 0.244898 0.500000 0.116618 0.093264
45 0.497813 0.510363 0.080175 0.119171
45 0.829446 0.527202 0.064140 0.080311
45 0.475948 0.731865 0.086006 0.365285
45 0.809038 0.694301 0.157434 0.243523
45 0.694606 0.709845 0.062682 0.129534
45 0.854227 0.922280 0.043732 0.124352
45 0.477405 0.979275 0.024781 0.041451