46 0.462500 0.396412 0.040625 0.038194
46 0.603125 0.578125 0.040625 0.054398
46 0.439844 0.565972 0.023438 0.018519
46 0.334375 0.578704 0.025000 0.011574
46 0.403125 0.589120 0.037500 0.013889
46 0.332813 0.603009 0.043750 0.034722
46 0.430469 0.604745 0.023438 0.012731
46 0.364844 0.606481 0.020313 0.013889
46 0.276562 0.620949 0.078125 0.017361
46 0.240625 0.648148 0.096875 0.030093
46 0.500000 0.660301 0.087500 0.049769
46 0.330469 0.642940 0.039062 0.010417
46 0.325000 0.666088 0.028125 0.015046
46 0.245312 0.689815 0.053125 0.027778
46 0.428906 0.707755 0.132812 0.059028
46 0.291406 0.710069 0.039062 0.024306
46 0.421094 0.756366 0.054688 0.063657
46 0.262500 0.812500 0.059375 0.062500
46 0.197656 0.835648 0.095312 0.064815