43 0.457246 0.127413 0.059420 0.081081
43 0.534058 0.237452 0.042029 0.054054
43 0.463043 0.271236 0.039130 0.071429
43 0.310145 0.290541 0.037681 0.036680
43 0.226087 0.334942 0.043478 0.059846
43 0.665217 0.399614 0.060870 0.065637
43 0.429710 0.397683 0.021739 0.038610
43 0.609420 0.514479 0.181159 0.129344
43 0.304348 0.519305 0.037681 0.065637
43 0.417391 0.529923 0.060870 0.059846
43 0.213043 0.587838 0.052174 0.055985
43 0.439130 0.647683 0.040580 0.075290
43 0.656522 0.660232 0.034783 0.092664
43 0.585507 0.719112 0.034783 0.079151
43 0.344203 0.730695 0.047826 0.059846
43 0.468841 0.756757 0.053623 0.057915
43 0.528261 0.882239 0.050725 0.104247
43 0.662319 0.863900 0.028986 0.052124