43 0.399023 0.060854 0.073828 0.121709
43 0.713867 0.018724 0.021484 0.026916
43 0.744336 0.150088 0.023047 0.076653
43 0.083203 0.252779 0.166406 0.132241
43 0.794531 0.250439 0.028906 0.043300
43 0.062695 0.321533 0.080078 0.155061
43 0.693359 0.315682 0.051562 0.116442
43 0.774609 0.317145 0.035156 0.043300
43 0.642773 0.343476 0.031641 0.047981
43 0.628906 0.455822 0.056250 0.074898
43 0.541797 0.457578 0.020313 0.032768
43 0.426172 0.462844 0.018750 0.032768
43 0.459375 0.557929 0.121094 0.162083
43 0.747070 0.559099 0.090234 0.130486
43 0.024414 0.540667 0.030859 0.045641
43 0.352148 0.578408 0.052734 0.107080
43 0.616211 0.607665 0.032422 0.026331
43 0.377539 0.686951 0.022266 0.035108
43 0.458984 0.686366 0.035156 0.031597
43 0.535742 0.703628 0.021484 0.026331
43 0.125000 0.744002 0.045312 0.057929
43 0.028516 0.793739 0.048438 0.105910
43 0.630664 0.803686 0.050391 0.059099
43 0.673828 0.787303 0.024219 0.027501
43 0.545312 0.796372 0.020313 0.036279
43 0.563281 0.867174 0.059375 0.138092
43 0.456641 0.901989 0.092969 0.118783