43 0.711250 0.041979 0.057500 0.080960
43 0.415417 0.211394 0.365833 0.398801
43 0.918750 0.138681 0.135833 0.241379
43 0.156667 0.145427 0.048333 0.143928
43 0.726250 0.142429 0.024167 0.104948
43 0.660417 0.182909 0.077500 0.146927
43 0.742500 0.215892 0.020000 0.050975
43 0.634583 0.292354 0.020833 0.044978
43 0.599167 0.356072 0.156667 0.082459
43 0.169167 0.395052 0.148333 0.145427
43 0.571667 0.692654 0.276667 0.614693
43 0.232917 0.443028 0.029167 0.022489
43 0.307500 0.489505 0.128333 0.103448
43 0.741667 0.501499 0.041667 0.085457
43 0.247083 0.633433 0.070833 0.127436
43 0.831250 0.724888 0.069167 0.124438
43 0.213750 0.759370 0.100833 0.127436
43 0.368333 0.884558 0.096667 0.146927