47 0.393688 0.146489 0.063123 0.060533
47 0.446013 0.211864 0.051495 0.070218
47 0.285714 0.300242 0.063123 0.150121
47 0.525748 0.278450 0.038206 0.058111
47 0.197674 0.371671 0.046512 0.065375
47 0.486711 0.456416 0.043189 0.055690
47 0.709302 0.450363 0.036545 0.043584
47 0.364618 0.489104 0.044850 0.072639
47 0.507475 0.542373 0.051495 0.077482
47 0.852159 0.546005 0.043189 0.065375
47 0.200997 0.572639 0.086379 0.089588
47 0.662791 0.569007 0.039867 0.072639
47 0.769934 0.625908 0.031561 0.055690
47 0.161130 0.640436 0.063123 0.065375
47 0.430233 0.661017 0.053156 0.067797
47 0.264120 0.818402 0.033223 0.067797