42 0.517188 0.081477 0.156250 0.162954
42 0.778906 0.155920 0.289062 0.293083
42 0.597656 0.118992 0.001563 0.001172
42 0.873437 0.133646 0.028125 0.023447
42 0.660937 0.304220 0.528125 0.343494
42 0.618750 0.180539 0.106250 0.056272
42 0.152344 0.450762 0.304688 0.296600
42 0.541406 0.463072 0.089063 0.082063
42 0.410938 0.451348 0.075000 0.053927
42 0.729688 0.483001 0.237500 0.063306
42 0.488281 0.500000 0.039062 0.033998
42 0.610938 0.516413 0.050000 0.066823
42 0.648438 0.511723 0.040625 0.031653
42 0.367969 0.510551 0.020313 0.015240
42 0.739844 0.525205 0.060937 0.044549
42 0.473438 0.519343 0.037500 0.023447
42 0.303906 0.522860 0.023438 0.023447
42 0.339844 0.524033 0.023438 0.023447
42 0.950000 0.541032 0.100000 0.048066
42 0.412500 0.533998 0.025000 0.031653
42 0.508594 0.526377 0.020313 0.016413
42 0.871875 0.531067 0.018750 0.025791
42 0.535937 0.536928 0.031250 0.025791
42 0.846094 0.531067 0.020313 0.016413
42 0.791406 0.543962 0.039062 0.018757
42 0.652344 0.553927 0.023438 0.024619
42 0.301563 0.558030 0.046875 0.028136
42 0.831250 0.553927 0.028125 0.019930
42 0.478125 0.564478 0.053125 0.031653
42 0.684375 0.563892 0.018750 0.018757
42 0.864062 0.564478 0.028125 0.019930
42 0.770312 0.565064 0.025000 0.016413
42 0.896094 0.566823 0.014063 0.019930
42 0.368750 0.579132 0.031250 0.018757
42 0.795312 0.586166 0.028125 0.018757
42 0.453125 0.589683 0.025000 0.016413
42 0.885156 0.631301 0.098437 0.097304
42 0.974219 0.601407 0.051562 0.037515
42 0.479687 0.594959 0.025000 0.017585
42 0.306250 0.601993 0.021875 0.022274
42 0.780469 0.647714 0.132812 0.113716
42 0.827344 0.599648 0.023438 0.017585
42 0.667969 0.624853 0.123438 0.060961
42 0.643750 0.600234 0.012500 0.009379
42 0.667969 0.614889 0.017188 0.019930
42 0.557813 0.627784 0.087500 0.038687
42 0.967969 0.642438 0.064062 0.051583
42 0.461719 0.683470 0.195312 0.107855
42 0.313281 0.713365 0.104688 0.141852
42 0.540625 0.670574 0.056250 0.051583
42 0.642969 0.689918 0.095312 0.059789
42 0.711719 0.705158 0.001563 0.001172
42 0.347656 0.728019 0.023438 0.014068
42 0.265625 0.873388 0.143750 0.187573