47 0.182598 0.063725 0.017157 0.042484
47 0.420956 0.066176 0.020833 0.031046
47 0.214461 0.075163 0.017157 0.032680
47 0.151348 0.133987 0.028186 0.071895
47 0.776961 0.184641 0.024510 0.035948
47 0.558211 0.196895 0.028186 0.034314
47 0.314338 0.218137 0.030637 0.047386
47 0.833333 0.227124 0.029412 0.039216
47 0.537990 0.287582 0.019608 0.029412
47 0.969363 0.308824 0.019608 0.035948
47 0.561887 0.320261 0.025735 0.029412
47 0.302696 0.334150 0.026961 0.037582
47 0.376838 0.384804 0.023284 0.027778
47 0.529412 0.392974 0.014706 0.024510
47 0.707721 0.415850 0.028186 0.050654
47 0.765319 0.414216 0.025735 0.031046
47 0.968137 0.421569 0.022059 0.042484
47 0.258578 0.469771 0.017157 0.037582
47 0.789216 0.509804 0.031863 0.075163
47 0.121324 0.488562 0.009804 0.013072
47 0.565564 0.559641 0.025735 0.034314
47 0.169730 0.620915 0.018382 0.026144
47 0.371936 0.633987 0.013480 0.019608
47 0.441176 0.712418 0.017157 0.026144