48 0.834846 0.136486 0.094374 0.256757
48 0.445554 0.112162 0.085299 0.159459
48 0.543557 0.113514 0.096189 0.064865
48 0.732305 0.212162 0.070780 0.229730
48 0.409256 0.197297 0.088929 0.059459
48 0.185118 0.466216 0.370236 0.586486
48 0.536298 0.222973 0.107078 0.067568
48 0.425590 0.420270 0.270417 0.418919
48 0.414701 0.267568 0.078040 0.059459
48 0.495463 0.281081 0.068966 0.048649
48 0.932849 0.429730 0.119782 0.259459
48 0.560799 0.405405 0.061706 0.102703
48 0.836661 0.402703 0.065336 0.102703
48 0.813067 0.578378 0.134301 0.221622
48 0.634301 0.598649 0.117967 0.202703
48 0.364791 0.739189 0.112523 0.229730
48 0.530853 0.722973 0.117967 0.121622
48 0.655172 0.822973 0.141561 0.202703