43 0.050000 0.171806 0.018333 0.012335
43 0.204167 0.208370 0.115000 0.069604
43 0.078750 0.181498 0.022500 0.008811
43 0.201250 0.370485 0.245833 0.355066
43 0.072917 0.262115 0.032500 0.060793
43 0.363750 0.284141 0.025833 0.032599
43 0.448333 0.299559 0.015000 0.026432
43 0.554167 0.313216 0.016667 0.013216
43 0.041667 0.430396 0.083333 0.141850
43 0.402917 0.388987 0.057500 0.046696
43 0.387917 0.418062 0.014167 0.020264
43 0.390417 0.451542 0.024167 0.025551
43 0.343333 0.495595 0.041667 0.073128
43 0.531667 0.468282 0.011667 0.013216
43 0.442500 0.473128 0.060000 0.014097
43 0.494583 0.474449 0.014167 0.013216
43 0.403750 0.487665 0.035833 0.032599
43 0.035833 0.560352 0.071667 0.146256