42 0.622939 0.451000 0.028486 0.030000
42 0.656672 0.451000 0.011994 0.018000
42 0.576462 0.474000 0.016492 0.020000
42 0.616192 0.511000 0.017991 0.038000
42 0.630435 0.562000 0.013493 0.024000
42 0.601949 0.569000 0.019490 0.030000
42 0.580960 0.612000 0.022489 0.028000
42 0.619940 0.613000 0.016492 0.026000
42 0.485757 0.681000 0.017991 0.022000
42 0.582459 0.690000 0.025487 0.028000
42 0.470765 0.833000 0.026987 0.034000
42 0.514993 0.848000 0.022489 0.036000
42 0.500000 0.913000 0.085457 0.042000