43 0.398125 0.042500 0.096250 0.085000
43 0.263750 0.275833 0.187500 0.485000
43 0.105000 0.084167 0.027500 0.025000
43 0.533750 0.306667 0.182500 0.450000
43 0.470625 0.534167 0.173750 0.251667
43 0.710625 0.546667 0.133750 0.226667
43 0.136875 0.530833 0.053750 0.128333
43 0.447500 0.660000 0.182500 0.256667
43 0.603750 0.580000 0.015000 0.026667
43 0.163750 0.696667 0.160000 0.216667
43 0.590625 0.608333 0.028750 0.036667
43 0.781250 0.752500 0.437500 0.198333
43 0.243750 0.848333 0.040000 0.056667
43 0.232500 0.970833 0.055000 0.051667