43 0.464435 0.084375 0.046025 0.112500
43 0.339958 0.103906 0.098326 0.076563
43 0.623431 0.281250 0.037657 0.031250
43 0.304393 0.522656 0.278243 0.242188
43 0.492678 0.444531 0.039749 0.054688
43 0.517782 0.514062 0.035565 0.050000
43 0.423640 0.578906 0.094142 0.114062
43 0.555439 0.753125 0.215481 0.225000
43 0.237448 0.739062 0.098326 0.056250
43 0.376569 0.826562 0.087866 0.168750
43 0.308577 0.785156 0.052301 0.045312
43 0.494770 0.913281 0.069038 0.054688
43 0.518828 0.983594 0.075314 0.026562