47 0.027344 0.060166 0.026562 0.120332
47 0.582812 0.022822 0.056250 0.045643
47 0.830469 0.115145 0.329688 0.180498
47 0.569531 0.164938 0.082812 0.130705
47 0.862500 0.289419 0.190625 0.143154
47 0.794531 0.216805 0.001563 0.002075
47 0.778906 0.366183 0.142187 0.122407
47 0.633594 0.459544 0.198437 0.201245
47 0.278906 0.413900 0.167187 0.101660
47 0.122656 0.458506 0.057813 0.058091
47 0.794531 0.492739 0.145313 0.109959
47 0.267969 0.526971 0.070312 0.053942
47 0.514844 0.657676 0.329688 0.195021
47 0.933594 0.625519 0.085938 0.047718
47 0.759375 0.693983 0.068750 0.064315
47 0.294531 0.691909 0.123438 0.035270
47 0.225000 0.784232 0.084375 0.049793
47 0.082031 0.784232 0.039062 0.033195
47 0.785937 0.828838 0.121875 0.056017
47 0.293750 0.857884 0.040625 0.051867
47 0.905469 0.904564 0.085938 0.107884
47 0.382812 0.894191 0.065625 0.053942
47 0.562500 0.960581 0.128125 0.062241