43 0.504687 0.146739 0.059375 0.073671
43 0.671875 0.232488 0.150000 0.146135
43 0.555078 0.216184 0.032031 0.053140
43 0.156250 0.445048 0.098437 0.051932
43 0.758984 0.516304 0.069531 0.153382
43 0.487891 0.469807 0.042969 0.053140
43 0.530859 0.506643 0.060156 0.085749
43 0.380859 0.544686 0.036719 0.067633
43 0.350000 0.570048 0.034375 0.077295
43 0.149219 0.577899 0.070312 0.076087
43 0.475781 0.569444 0.032813 0.061594
43 0.431641 0.585749 0.046094 0.074879
43 0.204687 0.604469 0.100000 0.080918
43 0.306641 0.603261 0.072656 0.076087
43 0.717969 0.664855 0.090625 0.177536
43 0.559766 0.634662 0.044531 0.071256
43 0.482812 0.672101 0.035937 0.071256
43 0.391797 0.682971 0.046094 0.076087
43 0.617188 0.683575 0.021875 0.043478
43 0.431250 0.737923 0.039062 0.111111
43 0.512891 0.786232 0.077344 0.115942
43 0.662109 0.848430 0.175781 0.143720