42 0.518750 0.062500 0.010937 0.019444
42 0.440625 0.077778 0.092188 0.044444
42 0.613281 0.117361 0.025000 0.045833
42 0.250391 0.211806 0.336719 0.173611
42 0.466406 0.142361 0.009375 0.018056
42 0.403516 0.265972 0.014844 0.026389
42 0.245312 0.290278 0.014063 0.025000
42 0.428125 0.295833 0.009375 0.022222
42 0.265625 0.298611 0.009375 0.022222
42 0.533203 0.323611 0.011719 0.022222
42 0.386719 0.349306 0.012500 0.023611
42 0.454297 0.384722 0.013281 0.033333
42 0.607422 0.402778 0.017969 0.025000
42 0.518359 0.454861 0.141406 0.095833
42 0.320703 0.452778 0.010156 0.016667
42 0.684766 0.472917 0.017969 0.029167
42 0.346875 0.470139 0.020313 0.018056
42 0.391016 0.475694 0.010156 0.012500
42 0.341797 0.502778 0.014844 0.030556
42 0.650391 0.501389 0.019531 0.030556
42 0.391016 0.521528 0.039844 0.040278
42 0.633984 0.572222 0.041406 0.116667
42 0.352734 0.534722 0.008594 0.016667
42 0.295312 0.577778 0.007812 0.025000
42 0.530859 0.593750 0.016406 0.034722