44 0.371094 0.206710 0.151562 0.162338
44 0.785156 0.347403 0.110937 0.196970
44 0.465625 0.343074 0.053125 0.149351
44 0.315625 0.356061 0.053125 0.067100
44 0.373437 0.449134 0.137500 0.179654
44 0.537500 0.424242 0.046875 0.064935
44 0.622656 0.428571 0.042188 0.056277
44 0.749219 0.549784 0.195312 0.238095
44 0.262500 0.509740 0.065625 0.058442
44 0.571875 0.538961 0.068750 0.082251
44 0.496094 0.654762 0.157812 0.235931
44 0.264062 0.660173 0.156250 0.186147
44 0.614062 0.754329 0.096875 0.127706
44 0.302344 0.820346 0.120313 0.242424
44 0.468750 0.920996 0.156250 0.145022