42 0.951155 0.052610 0.087129 0.092369
42 0.741254 0.131727 0.022442 0.086747
42 0.314191 0.209639 0.031683 0.041767
42 0.577558 0.321285 0.319472 0.239357
42 0.838614 0.308835 0.083828 0.127711
42 0.380528 0.402008 0.296370 0.264257
42 0.897690 0.409639 0.058086 0.062651
42 0.198350 0.477912 0.069307 0.163855
42 0.102970 0.514056 0.096370 0.200803
42 0.846535 0.635743 0.306931 0.299598
42 0.073267 0.676707 0.137294 0.195181
42 0.702970 0.751807 0.104290 0.104418
42 0.533003 0.875904 0.166997 0.204819
42 0.799670 0.853414 0.123432 0.103614