43 0.141406 0.108646 0.098437 0.208191
43 0.383984 0.232651 0.416406 0.333333
43 0.612891 0.228669 0.125781 0.102389
43 0.688281 0.299204 0.087500 0.072810
43 0.566406 0.313993 0.046875 0.038680
43 0.441016 0.374858 0.032031 0.048919
43 0.716016 0.445392 0.072656 0.151308
43 0.295312 0.484073 0.056250 0.176337
43 0.422266 0.449374 0.061719 0.070535
43 0.635547 0.518771 0.038281 0.059158
43 0.530469 0.543231 0.060937 0.103527
43 0.772656 0.557452 0.051562 0.122867
43 0.380859 0.540956 0.047656 0.069397
43 0.460547 0.571672 0.047656 0.105802
43 0.717187 0.598407 0.048438 0.063709
43 0.636328 0.643345 0.097656 0.117179
43 0.528516 0.664391 0.058594 0.113766
43 0.838672 0.650739 0.041406 0.075085
43 0.371484 0.682594 0.052344 0.125142
43 0.732031 0.736633 0.135937 0.203641
43 0.148047 0.676906 0.025781 0.040956
43 0.268359 0.728100 0.039844 0.086462
43 0.308203 0.707622 0.027344 0.040956
43 0.569141 0.720705 0.033594 0.058020
43 0.212109 0.743458 0.032031 0.039818
43 0.423438 0.767918 0.064062 0.063709