42 0.868571 0.132479 0.262857 0.264957
42 0.627143 0.247863 0.380000 0.376068
42 0.212857 0.256410 0.088571 0.162393
42 0.324286 0.474359 0.265714 0.264957
42 0.081429 0.547009 0.117143 0.162393
42 0.495714 0.649573 0.322857 0.367521
42 0.702857 0.587607 0.028571 0.038462
42 0.241429 0.724359 0.208571 0.243590
42 0.900000 0.658120 0.022857 0.076923
42 0.668571 0.707265 0.091429 0.081197
42 0.780000 0.750000 0.022857 0.038462
42 0.540000 0.861111 0.114286 0.115385
42 0.120000 0.903846 0.068571 0.166667