43 0.334473 0.049575 0.086914 0.099150
43 0.521973 0.039660 0.036133 0.042493
43 0.231934 0.048867 0.014648 0.043909
43 0.439941 0.075071 0.071289 0.036827
43 0.127441 0.138102 0.057617 0.140227
43 0.856445 0.140935 0.031250 0.046742
43 0.400391 0.177054 0.050781 0.079320
43 0.054688 0.252125 0.056641 0.073654
43 0.842773 0.257790 0.031250 0.070822
43 0.489258 0.244334 0.015625 0.032578
43 0.253418 0.431303 0.227539 0.313031
43 0.436035 0.364731 0.108398 0.143059
43 0.078125 0.363314 0.041016 0.123229
43 0.388672 0.615439 0.285156 0.451841
43 0.906738 0.536119 0.161133 0.296034
43 0.383301 0.847025 0.075195 0.093484
43 0.402832 0.917847 0.110352 0.130312
43 0.237305 0.920680 0.193359 0.107649
43 0.345215 0.968130 0.000977 0.001416