43 0.404687 0.140046 0.078125 0.057870
43 0.453125 0.200231 0.056250 0.076389
43 0.289844 0.285880 0.051562 0.164352
43 0.532813 0.262731 0.046875 0.053241
43 0.196875 0.357639 0.043750 0.057870
43 0.487500 0.445602 0.050000 0.057870
43 0.713281 0.444444 0.064062 0.050926
43 0.366406 0.488426 0.045312 0.074074
43 0.513281 0.537037 0.048438 0.078704
43 0.860938 0.540509 0.040625 0.062500
43 0.198437 0.568287 0.078125 0.081019
43 0.670312 0.567130 0.043750 0.078704
43 0.779687 0.625000 0.028125 0.046296
43 0.162500 0.643519 0.053125 0.064815
43 0.435156 0.664352 0.048438 0.078704
43 0.267969 0.820602 0.029687 0.062500