43 0.266406 0.095556 0.020313 0.017778
43 0.811719 0.158889 0.195312 0.131111
43 0.267188 0.125556 0.025000 0.020000
43 0.268750 0.265556 0.103125 0.091111
43 0.525781 0.261111 0.026562 0.064444
43 0.179688 0.391111 0.100000 0.053333
43 0.089063 0.465556 0.031250 0.064444
43 0.042188 0.478889 0.031250 0.042222
43 0.624219 0.494444 0.098437 0.064444
43 0.380469 0.503333 0.060937 0.051111
43 0.114844 0.548889 0.035937 0.053333
43 0.599219 0.568889 0.023438 0.044444
43 0.371875 0.583333 0.031250 0.064444
43 0.434375 0.628889 0.028125 0.044444
43 0.592187 0.682222 0.081250 0.062222
43 0.235156 0.745556 0.098437 0.140000