48 0.402500 0.368333 0.590000 0.730000
48 0.808750 0.120000 0.067500 0.126667
48 0.730000 0.151667 0.050000 0.070000
48 0.897500 0.208333 0.095000 0.170000
48 0.802500 0.256667 0.105000 0.100000
48 0.888750 0.460000 0.197500 0.313333
48 0.697500 0.558333 0.125000 0.176667
48 0.141250 0.610000 0.197500 0.186667
48 0.573750 0.660000 0.152500 0.100000
48 0.903750 0.808333 0.192500 0.290000
48 0.607500 0.805000 0.140000 0.083333
48 0.317500 0.858333 0.050000 0.143333
48 0.462500 0.900000 0.105000 0.200000
48 0.763750 0.886667 0.047500 0.153333
48 0.221250 0.903333 0.092500 0.153333