43 0.368865 0.232057 0.075153 0.153110
43 0.515337 0.322967 0.138037 0.157895
43 0.104294 0.296651 0.076687 0.090909
43 0.258436 0.479665 0.108896 0.260766
43 0.044479 0.422249 0.049080 0.050239
43 0.542945 0.429426 0.018405 0.055024
43 0.446319 0.532297 0.049080 0.227273
43 0.510736 0.464115 0.027607 0.047847
43 0.045245 0.484450 0.059816 0.064593
43 0.713957 0.520335 0.059816 0.117225
43 0.305982 0.543062 0.069018 0.157895
43 0.562883 0.555024 0.064417 0.148325
43 0.799847 0.572967 0.029141 0.088517
43 0.858896 0.631579 0.049080 0.114833
43 0.508436 0.679426 0.059816 0.114833
43 0.375000 0.724880 0.072086 0.095694
43 0.263037 0.714115 0.041411 0.055024
43 0.733129 0.741627 0.024540 0.062201
43 0.268405 0.783493 0.036810 0.064593
43 0.699387 0.793062 0.030675 0.074163
43 0.640337 0.843301 0.038344 0.069378
43 0.314417 0.907895 0.116564 0.179426
43 0.688650 0.922249 0.177914 0.145933