43 0.528086 0.254417 0.136420 0.138987
43 0.983333 0.275029 0.029630 0.095406
43 0.441049 0.348057 0.087037 0.142521
43 0.541049 0.335100 0.074691 0.085984
43 0.109259 0.525324 0.217284 0.447585
43 0.474074 0.398115 0.062963 0.169611
43 0.221296 0.372203 0.042593 0.110718
43 0.760802 0.547114 0.420370 0.422850
43 0.274074 0.413428 0.013580 0.042403
43 0.304630 0.583039 0.061111 0.101296
43 0.258333 0.595406 0.017901 0.022379
43 0.408951 0.624264 0.031481 0.068316
43 0.526543 0.702002 0.071605 0.160188
43 0.463889 0.689046 0.011728 0.018846
43 0.735185 0.742049 0.024691 0.058893
43 0.311111 0.722026 0.016049 0.016490
43 0.383025 0.786219 0.070988 0.135453
43 0.508951 0.733216 0.010494 0.017668
43 0.462037 0.789753 0.054938 0.090695
43 0.119444 0.864547 0.200617 0.204947
43 0.626852 0.816843 0.059877 0.088339
43 0.823765 0.811543 0.045062 0.056537
43 0.292593 0.806243 0.027160 0.038869
43 0.499691 0.834511 0.031481 0.048292
43 0.847840 0.926973 0.222840 0.141343
43 0.270062 0.879270 0.011728 0.024735
43 0.490741 0.878092 0.007407 0.012956
43 0.429630 0.900471 0.011111 0.022379
43 0.390741 0.934040 0.034568 0.068316
43 0.279321 0.928151 0.019136 0.037691
43 0.358333 0.921673 0.009259 0.020024
43 0.629012 0.931684 0.014815 0.025913
43 0.437037 0.953475 0.013580 0.027091
43 0.382099 0.973498 0.008642 0.024735