42 0.153333 0.030263 0.013333 0.034211
42 0.115833 0.069737 0.011667 0.018421
42 0.142500 0.084211 0.011667 0.031579
42 0.514167 0.110526 0.018333 0.031579
42 0.169167 0.160526 0.015000 0.036842
42 0.519167 0.193421 0.015000 0.023684
42 0.145000 0.213158 0.043333 0.052632
42 0.499167 0.213158 0.015000 0.021053
42 0.511667 0.269737 0.023333 0.034211
42 0.067500 0.472368 0.028333 0.044737
42 0.319167 0.477632 0.015000 0.023684
42 0.378333 0.540789 0.050000 0.071053
42 0.488333 0.565789 0.143333 0.115789
42 0.198333 0.692105 0.060000 0.068421
42 0.329167 0.706579 0.018333 0.039474
42 0.508333 0.747368 0.050000 0.057895
42 0.068333 0.763158 0.046667 0.052632
42 0.315833 0.759211 0.015000 0.028947
42 0.395000 0.815789 0.023333 0.042105
42 0.448333 0.875000 0.033333 0.097368
42 0.265833 0.861842 0.018333 0.028947