48 0.713867 0.229818 0.099609 0.141927
48 0.635742 0.265625 0.052734 0.101562
48 0.788086 0.272135 0.060547 0.101562
48 0.887695 0.300130 0.123047 0.149740
48 0.561523 0.388021 0.130859 0.197917
48 0.506836 0.331380 0.074219 0.076823
48 0.565430 0.345703 0.035156 0.084635
48 0.654785 0.347005 0.038086 0.055990
48 0.719238 0.417969 0.073242 0.127604
48 0.467773 0.430339 0.039062 0.040365
48 0.508301 0.447917 0.022461 0.031250
48 0.758301 0.492839 0.045898 0.063802
48 0.852539 0.513672 0.046875 0.092448
48 0.583008 0.503255 0.021484 0.042969
48 0.906250 0.520833 0.039062 0.054688
48 0.640625 0.554688 0.031250 0.072917
48 0.693359 0.569010 0.080078 0.088542
48 0.798340 0.539062 0.028320 0.023438
48 0.763184 0.543620 0.018555 0.016927
48 0.796875 0.563802 0.042969 0.028646
48 0.590332 0.682292 0.079102 0.098958
48 0.535645 0.667969 0.036133 0.036458
48 0.673828 0.769531 0.138672 0.179688
48 0.544434 0.918620 0.104492 0.162760
48 0.881348 0.946615 0.120117 0.088542
48 0.626953 0.952474 0.041016 0.069010
48 0.578613 0.970703 0.032227 0.055990