42 0.206250 0.106942 0.157500 0.210131
42 0.263750 0.000938 0.002500 0.001876
42 0.717500 0.134146 0.345000 0.227017
42 0.922500 0.076923 0.050000 0.067542
42 0.965000 0.106004 0.070000 0.084428
42 0.397500 0.075047 0.025000 0.015009
42 0.480000 0.138837 0.115000 0.090056
42 0.981250 0.157598 0.037500 0.037523
42 0.892500 0.194184 0.135000 0.084428
42 0.501250 0.243902 0.132500 0.105066
42 0.948750 0.262664 0.097500 0.101313
42 0.698750 0.282364 0.237500 0.125704
42 0.862500 0.261726 0.065000 0.050657
42 0.325000 0.344278 0.180000 0.125704
42 0.900000 0.341463 0.185000 0.071295
42 0.177500 0.348968 0.035000 0.041276
42 0.818750 0.392120 0.132500 0.127580
42 0.397500 0.373358 0.080000 0.086304
42 0.520000 0.373358 0.100000 0.078799
42 0.142500 0.437148 0.115000 0.127580
42 0.238750 0.418386 0.037500 0.030019
42 0.630000 0.466229 0.175000 0.118199
42 0.457500 0.432458 0.020000 0.043152
42 0.282500 0.445591 0.100000 0.061914
42 0.777500 0.450281 0.060000 0.052533
42 0.331250 0.519700 0.142500 0.138837
42 0.910000 0.519700 0.085000 0.082552
42 0.457500 0.569418 0.135000 0.170732
42 0.701250 0.583490 0.147500 0.123827
42 0.553750 0.578799 0.077500 0.080675
42 0.926250 0.639775 0.147500 0.138837
42 0.362500 0.607880 0.030000 0.030019
42 0.663750 0.624765 0.057500 0.041276
42 0.678750 0.674484 0.187500 0.110694
42 0.405000 0.655722 0.075000 0.065666
42 0.506250 0.720450 0.162500 0.150094
42 0.447500 0.673546 0.020000 0.033771
42 0.872500 0.858349 0.250000 0.279550
42 0.570000 0.735460 0.020000 0.015009
42 0.668750 0.849906 0.217500 0.228893
42 0.521250 0.759850 0.022500 0.026266
42 0.558750 0.806754 0.142500 0.093809