48 0.627500 0.105697 0.055000 0.103448
48 0.504167 0.152174 0.081667 0.178411
48 0.415417 0.251874 0.084167 0.221889
48 0.218750 0.241379 0.079167 0.194903
48 0.756667 0.235382 0.115000 0.110945
48 0.650833 0.253373 0.070000 0.095952
48 0.701250 0.253373 0.054167 0.089955
48 0.336250 0.289355 0.090833 0.146927
48 0.512500 0.388306 0.110000 0.191904
48 0.839583 0.399550 0.054167 0.181409
48 0.157083 0.375562 0.042500 0.100450
48 0.736250 0.392804 0.044167 0.065967
48 0.706667 0.430285 0.041667 0.053973
48 0.372500 0.558471 0.098333 0.268366
48 0.718750 0.545727 0.047500 0.113943
48 0.707500 0.780360 0.146667 0.145427