42 0.654440 0.041274 0.135135 0.044895
42 0.965251 0.039102 0.069498 0.030413
42 0.723938 0.027878 0.001287 0.000724
42 0.107465 0.084359 0.204633 0.110789
42 0.909910 0.097755 0.133848 0.049240
42 0.729730 0.184287 0.272844 0.178856
42 0.897040 0.167632 0.090090 0.060101
42 0.194981 0.218682 0.389961 0.159305
42 0.738095 0.329471 0.068211 0.031861
42 0.283140 0.514844 0.566281 0.382332
42 0.806306 0.535482 0.274131 0.213613
42 0.455598 0.590152 0.087516 0.127444
42 0.599743 0.655322 0.193050 0.133237
42 0.326898 0.627082 0.092664 0.059377
42 0.745174 0.711079 0.113256 0.073860
42 0.962677 0.700579 0.066924 0.054308
42 0.124196 0.863867 0.240669 0.269370
42 0.536036 0.864953 0.492921 0.270094
42 0.385457 0.808834 0.142857 0.114410
42 0.929858 0.816075 0.137709 0.098479
42 0.958172 0.921434 0.083655 0.157133