48 0.399306 0.196272 0.148611 0.225877
48 0.879861 0.398026 0.140278 0.182018
48 0.336806 0.383772 0.101389 0.144737
48 0.163194 0.501096 0.326389 0.309211
48 0.783333 0.469298 0.163889 0.236842
48 0.484028 0.540570 0.159722 0.234649
48 0.345833 0.669956 0.069444 0.116228
48 0.620139 0.697368 0.070833 0.096491
48 0.247222 0.698465 0.050000 0.076754
48 0.809028 0.711623 0.068056 0.089912
48 0.148611 0.729167 0.113889 0.116228
48 0.677083 0.736842 0.031944 0.096491
48 0.361111 0.822368 0.086111 0.179825
48 0.852778 0.843202 0.144444 0.155702
48 0.143750 0.896930 0.162500 0.201754
48 0.638194 0.951754 0.051389 0.087719