47 0.114375 0.121339 0.113750 0.242678
47 0.185625 0.089958 0.078750 0.175732
47 0.262500 0.112971 0.107500 0.221757
47 0.778750 0.355649 0.440000 0.707113
47 0.525000 0.107741 0.092500 0.207113
47 0.336875 0.266736 0.206250 0.257322
47 0.582500 0.234310 0.080000 0.104603
47 0.029375 0.358787 0.056250 0.324268
47 0.475000 0.321130 0.220000 0.207113
47 0.638750 0.377615 0.105000 0.194561
47 0.543750 0.468619 0.092500 0.117155
47 0.433750 0.470711 0.095000 0.071130
47 0.628750 0.527197 0.075000 0.125523
47 0.483125 0.574268 0.183750 0.131799
47 0.770625 0.660042 0.118750 0.282427
47 0.276250 0.591004 0.062500 0.110879
47 0.168125 0.686192 0.263750 0.238494
47 0.384375 0.729079 0.188750 0.286611
47 0.561250 0.810669 0.197500 0.357741
47 0.660000 0.755230 0.062500 0.062762
47 0.690625 0.850418 0.046250 0.094142
47 0.840625 0.900628 0.316250 0.194561
47 0.268750 0.903766 0.050000 0.117155