48 0.268056 0.071605 0.104630 0.143210
48 0.356944 0.238272 0.282407 0.476543
48 0.107870 0.346914 0.187963 0.316049
48 0.592593 0.328395 0.155556 0.167901
48 0.662037 0.372222 0.050000 0.154321
48 0.794444 0.422840 0.242593 0.206173
48 0.443056 0.384568 0.071296 0.082716
48 0.245370 0.451852 0.050000 0.130864
48 0.337037 0.473457 0.037037 0.067901
48 0.643519 0.567901 0.074074 0.175309
48 0.525463 0.598765 0.126852 0.207407
48 0.349537 0.559877 0.021296 0.085185
48 0.233796 0.707407 0.115741 0.340741
48 0.398148 0.675309 0.098148 0.232099
48 0.888889 0.627778 0.157407 0.095062
48 0.762500 0.698148 0.086111 0.179012
48 0.839352 0.830864 0.097222 0.296296