48 0.521250 0.106365 0.080000 0.061977
48 0.608125 0.148241 0.066250 0.048576
48 0.728750 0.216918 0.277500 0.162479
48 0.485625 0.201005 0.098750 0.123953
48 0.400000 0.222781 0.070000 0.067002
48 0.316250 0.245394 0.057500 0.061977
48 0.486875 0.291457 0.058750 0.073702
48 0.707500 0.381072 0.092500 0.169179
48 0.606250 0.345896 0.062500 0.085427
48 0.281250 0.363484 0.032500 0.073702
48 0.462500 0.392797 0.062500 0.041876
48 0.618125 0.462312 0.178750 0.174204
48 0.248125 0.464824 0.048750 0.092127
48 0.553125 0.532663 0.068750 0.140704
48 0.136875 0.558626 0.093750 0.172529
48 0.285625 0.602178 0.056250 0.105528
48 0.650000 0.688442 0.145000 0.221106
48 0.200625 0.608878 0.048750 0.035176
48 0.382500 0.673367 0.187500 0.160804
48 0.853125 0.657454 0.063750 0.115578
48 0.527500 0.640704 0.047500 0.061977
48 0.223750 0.673367 0.075000 0.113903
48 0.111875 0.702680 0.106250 0.092127
48 0.800625 0.845059 0.251250 0.216080
48 0.500000 0.873534 0.177500 0.249581
48 0.255000 0.805695 0.050000 0.083752
48 0.135625 0.840034 0.058750 0.128978
48 0.181250 0.864322 0.057500 0.167504
48 0.355000 0.853434 0.055000 0.045226
48 0.272500 0.925461 0.085000 0.145729
48 0.435000 0.940536 0.055000 0.112228
48 0.376875 0.950586 0.053750 0.095477