47 0.542000 0.212903 0.024000 0.045161
47 0.676000 0.261290 0.036000 0.051613
47 0.432000 0.287097 0.036000 0.090323
47 0.622000 0.293548 0.036000 0.064516
47 0.488000 0.316129 0.036000 0.064516
47 0.535000 0.401613 0.026000 0.041935
47 0.617000 0.432258 0.038000 0.070968
47 0.724000 0.443548 0.068000 0.074194
47 0.652000 0.456452 0.024000 0.054839
47 0.263000 0.477419 0.046000 0.070968
47 0.509000 0.470968 0.022000 0.045161
47 0.775000 0.516129 0.066000 0.083871
47 0.390000 0.553226 0.036000 0.067742
47 0.644000 0.570968 0.036000 0.058065
47 0.163000 0.622581 0.030000 0.070968
47 0.617000 0.629032 0.030000 0.058065
47 0.711000 0.651613 0.050000 0.090323
47 0.421000 0.733871 0.030000 0.048387
47 0.669000 0.740323 0.034000 0.054839
47 0.486000 0.806452 0.056000 0.096774
47 0.725000 0.798387 0.058000 0.067742
47 0.616000 0.819355 0.032000 0.051613
47 0.400000 0.914516 0.016000 0.029032
47 0.571000 0.938710 0.026000 0.045161