43 0.213750 0.055000 0.047500 0.063333
43 0.175000 0.143333 0.065000 0.060000
43 0.312500 0.301667 0.030000 0.043333
43 0.143750 0.326667 0.037500 0.053333
43 0.202500 0.325000 0.045000 0.050000
43 0.081250 0.330000 0.042500 0.046667
43 0.631250 0.516667 0.157500 0.213333
43 0.863750 0.631667 0.177500 0.376667
43 0.197500 0.513333 0.055000 0.053333
43 0.187500 0.711667 0.375000 0.383333
43 0.301250 0.593333 0.052500 0.093333
43 0.382500 0.633333 0.045000 0.073333
43 0.721250 0.736667 0.082500 0.086667