42 0.194048 0.050176 0.197619 0.100352
42 0.304167 0.148768 0.113095 0.121479
42 0.635119 0.135563 0.044048 0.061620
42 0.798214 0.135563 0.017857 0.008803
42 0.548810 0.184419 0.147619 0.058979
42 0.094643 0.242958 0.189286 0.169014
42 0.587500 0.279489 0.225000 0.071303
42 0.905357 0.338468 0.017857 0.014965
42 0.318452 0.364437 0.029762 0.038732
42 0.456548 0.431778 0.203571 0.166373
42 0.237500 0.384243 0.036905 0.025528
42 0.682738 0.578345 0.263095 0.383803
42 0.843452 0.497359 0.077381 0.086268
42 0.532143 0.635123 0.254762 0.235035
42 0.957738 0.726232 0.084524 0.100352
42 0.360119 0.791373 0.139286 0.121479
42 0.895833 0.855634 0.146429 0.230634
42 0.118452 0.903169 0.213095 0.193662
42 0.622619 0.820863 0.023810 0.014965
42 0.731548 0.902729 0.136905 0.110035
42 0.315476 0.934419 0.192857 0.129401