47 0.082353 0.082317 0.084706 0.060976
47 0.407059 0.128049 0.061176 0.067073
47 0.524706 0.149390 0.042353 0.036585
47 0.598824 0.166159 0.044706 0.057927
47 0.096471 0.230183 0.169412 0.161585
47 0.483529 0.291159 0.101176 0.076220
47 0.707059 0.309451 0.058824 0.045732
47 0.550588 0.382622 0.117647 0.112805
47 0.072941 0.394817 0.037647 0.051829
47 0.272941 0.416159 0.047059 0.057927
47 0.628235 0.437500 0.065882 0.100610
47 0.460000 0.506098 0.185882 0.195122
47 0.727059 0.455793 0.042353 0.057927
47 0.161176 0.512195 0.054118 0.140244
47 0.810588 0.474085 0.035294 0.051829
47 0.714118 0.544207 0.120000 0.118902
47 0.302353 0.564024 0.054118 0.079268
47 0.395294 0.608232 0.032941 0.045732
47 0.910588 0.614329 0.037647 0.045732
47 0.563529 0.632622 0.044706 0.057927
47 0.862353 0.644817 0.035294 0.051829
47 0.667059 0.646341 0.030588 0.036585
47 0.691765 0.727134 0.164706 0.137195
47 0.892941 0.724085 0.091765 0.100610
47 0.044706 0.716463 0.056471 0.060976
47 0.529412 0.748476 0.037647 0.070122
47 0.448235 0.743902 0.025882 0.036585
47 0.201176 0.751524 0.030588 0.039634