43 0.241667 0.053125 0.070833 0.106250
43 0.568750 0.073438 0.070833 0.065625
43 0.212500 0.084375 0.029167 0.043750
43 0.127083 0.203125 0.133333 0.231250
43 0.227083 0.128125 0.016667 0.031250
43 0.435417 0.146875 0.037500 0.050000
43 0.535417 0.151562 0.050000 0.046875
43 0.713542 0.196875 0.068750 0.112500
43 0.494792 0.190625 0.077083 0.062500
43 0.218750 0.226562 0.016667 0.034375
43 0.436458 0.267188 0.027083 0.046875
43 0.213542 0.271875 0.039583 0.025000
43 0.406250 0.304688 0.029167 0.053125
43 0.361458 0.381250 0.043750 0.125000
43 0.605208 0.332813 0.014583 0.028125
43 0.408333 0.398438 0.029167 0.028125
43 0.490625 0.410938 0.031250 0.059375
43 0.694792 0.400000 0.022917 0.037500
43 0.575000 0.414062 0.025000 0.053125
43 0.564583 0.493750 0.033333 0.062500
43 0.263542 0.512500 0.035417 0.056250
43 0.422917 0.518750 0.037500 0.068750
43 0.685417 0.585938 0.054167 0.140625
43 0.727083 0.585938 0.058333 0.103125
43 0.353125 0.610938 0.035417 0.128125
43 0.309375 0.679688 0.093750 0.259375
43 0.550000 0.589063 0.033333 0.059375
43 0.190625 0.581250 0.018750 0.031250
43 0.230208 0.620313 0.014583 0.028125
43 0.501042 0.643750 0.039583 0.062500
43 0.655208 0.656250 0.047917 0.043750
43 0.278125 0.665625 0.027083 0.050000
43 0.388542 0.682813 0.018750 0.034375
43 0.230208 0.704688 0.027083 0.053125
43 0.631250 0.840625 0.250000 0.312500
43 0.381250 0.740625 0.045833 0.093750
43 0.434375 0.718750 0.022917 0.037500
43 0.528125 0.781250 0.056250 0.093750
43 0.439583 0.776563 0.041667 0.046875
43 0.277083 0.775000 0.020833 0.037500
43 0.356250 0.803125 0.016667 0.025000
43 0.311458 0.829688 0.027083 0.034375
43 0.373958 0.878125 0.035417 0.075000
43 0.262500 0.879687 0.025000 0.053125
43 0.208333 0.893750 0.041667 0.043750
43 0.219792 0.962500 0.022917 0.031250
43 0.351042 0.978125 0.060417 0.043750
43 0.310417 0.989062 0.016667 0.015625