42 0.246667 0.231111 0.066667 0.084444
42 0.216667 0.233333 0.016667 0.031111
42 0.196667 0.332222 0.020000 0.055556
42 0.577500 0.373333 0.025000 0.031111
42 0.749167 0.438889 0.081667 0.153333
42 0.217500 0.397778 0.015000 0.031111
42 0.136667 0.410000 0.013333 0.028889
42 0.266667 0.424444 0.026667 0.035556
42 0.225833 0.450000 0.015000 0.028889
42 0.595000 0.456667 0.026667 0.037778
42 0.510833 0.466667 0.025000 0.031111
42 0.663333 0.476667 0.036667 0.051111
42 0.311667 0.542222 0.036667 0.164444
42 0.585833 0.525556 0.055000 0.073333
42 0.683333 0.545556 0.063333 0.046667
42 0.541667 0.580000 0.026667 0.031111
42 0.487500 0.684444 0.381667 0.208889
42 0.679167 0.707778 0.295000 0.255556
42 0.745000 0.597778 0.023333 0.026667
42 0.170833 0.691111 0.015000 0.026667
42 0.238333 0.723333 0.040000 0.068889
42 0.125833 0.777778 0.015000 0.031111
42 0.495833 0.833333 0.038333 0.066667
42 0.279167 0.826667 0.028333 0.031111
42 0.210833 0.857778 0.055000 0.048889
42 0.397500 0.923333 0.028333 0.024444
42 0.455000 0.961111 0.030000 0.028889
42 0.496667 0.978889 0.040000 0.042222
42 0.195833 0.988889 0.028333 0.022222