43 0.928241 0.195969 0.097222 0.105629
43 0.071759 0.287700 0.065741 0.087561
43 0.208796 0.370396 0.139815 0.120917
43 0.265278 0.450313 0.100926 0.088951
43 0.896759 0.442669 0.082407 0.050035
43 0.791667 0.499305 0.120370 0.068798
43 0.275463 0.541696 0.060185 0.052120
43 0.849074 0.584434 0.088889 0.072272
43 0.543056 0.703266 0.123148 0.182071
43 0.368056 0.673732 0.182407 0.104934
43 0.158796 0.771022 0.175000 0.056289
43 0.680556 0.891939 0.083333 0.210563
43 0.026852 0.828700 0.053704 0.070188