47 0.315831 0.026764 0.029781 0.053528
47 0.403605 0.121655 0.070533 0.077859
47 0.525862 0.215328 0.101881 0.187348
47 0.707680 0.160584 0.026646 0.043796
47 0.396552 0.209246 0.037618 0.068127
47 0.312696 0.233577 0.045455 0.072993
47 0.768025 0.294404 0.062696 0.092457
47 0.978840 0.311436 0.042320 0.077859
47 0.634013 0.355231 0.029781 0.048662
47 0.506270 0.385645 0.034483 0.075426
47 0.828370 0.392944 0.039185 0.055961
47 0.212382 0.649635 0.424765 0.462287
47 0.674765 0.472019 0.023511 0.048662
47 0.461599 0.673966 0.086207 0.087591
47 0.733542 0.684915 0.034483 0.055961
47 0.604232 0.757908 0.045455 0.065693
47 0.915361 0.760341 0.050157 0.070560
47 0.376176 0.840633 0.031348 0.065693
47 0.707680 0.888078 0.057994 0.131387
47 0.244514 0.880779 0.068966 0.087591
47 0.390282 0.925791 0.037618 0.065693
47 0.484326 0.945255 0.034483 0.046229