47 0.497500 0.070000 0.025000 0.033333
47 0.361250 0.131667 0.027500 0.036667
47 0.292500 0.181667 0.030000 0.036667
47 0.361250 0.250000 0.052500 0.046667
47 0.355000 0.310000 0.035000 0.053333
47 0.460000 0.335000 0.085000 0.096667
47 0.868750 0.313333 0.037500 0.040000
47 0.291250 0.330000 0.027500 0.046667
47 0.651250 0.365000 0.037500 0.050000
47 0.822500 0.383333 0.035000 0.053333
47 0.440000 0.431667 0.030000 0.056667
47 0.702500 0.435000 0.020000 0.030000
47 0.193750 0.633333 0.367500 0.360000
47 0.581250 0.491667 0.027500 0.043333
47 0.741250 0.525000 0.022500 0.056667
47 0.402500 0.628333 0.050000 0.063333
47 0.623750 0.635000 0.037500 0.050000
47 0.517500 0.681667 0.030000 0.050000
47 0.340000 0.740000 0.030000 0.046667
47 0.608750 0.770000 0.047500 0.086667
47 0.402500 0.751667 0.025000 0.036667
47 0.802500 0.781667 0.100000 0.076667
47 0.351250 0.800000 0.032500 0.053333
47 0.426250 0.813333 0.027500 0.040000
47 0.493750 0.831667 0.032500 0.043333
47 0.337500 0.856667 0.020000 0.033333
47 0.391250 0.903333 0.022500 0.040000