43 0.835556 0.116667 0.022222 0.033333
43 0.655556 0.165833 0.031111 0.028333
43 0.516667 0.276667 0.024444 0.023333
43 0.694444 0.345000 0.020000 0.026667
43 0.721111 0.360000 0.020000 0.036667
43 0.506667 0.382500 0.022222 0.021667
43 0.265556 0.422500 0.024444 0.021667
43 0.435556 0.450000 0.053333 0.073333
43 0.823333 0.425833 0.015556 0.015000
43 0.574444 0.445833 0.020000 0.038333
43 0.793333 0.453333 0.017778 0.030000
43 0.353333 0.470833 0.040000 0.048333
43 0.666667 0.486667 0.017778 0.023333
43 0.801111 0.491667 0.020000 0.033333
43 0.360000 0.503333 0.008889 0.016667
43 0.321111 0.537500 0.028889 0.031667
43 0.908889 0.636667 0.084444 0.136667
43 0.480000 0.593333 0.026667 0.030000
43 0.655556 0.589167 0.017778 0.018333
43 0.486667 0.625000 0.022222 0.020000
43 0.240000 0.634167 0.022222 0.028333
43 0.571111 0.647500 0.017778 0.025000
43 0.772222 0.685000 0.082222 0.073333
43 0.266667 0.670833 0.031111 0.035000
43 0.551111 0.666667 0.013333 0.023333
43 0.656667 0.672500 0.015556 0.025000
43 0.504444 0.687500 0.026667 0.028333
43 0.590000 0.728333 0.055556 0.100000
43 0.652222 0.708333 0.015556 0.020000
43 0.691111 0.717500 0.013333 0.021667
43 0.888889 0.809167 0.222222 0.205000
43 0.705556 0.775833 0.028889 0.035000
43 0.770000 0.816667 0.024444 0.033333
43 0.588889 0.837500 0.048889 0.035000
43 0.638889 0.926667 0.184444 0.146667
43 0.207778 0.955833 0.100000 0.088333
43 0.788889 0.962500 0.128889 0.075000
43 0.895556 0.943333 0.008889 0.016667
43 0.938889 0.975833 0.015556 0.045000