43 0.537565 0.188337 0.168394 0.093690
43 0.099741 0.245698 0.101036 0.078394
43 0.607513 0.299235 0.272021 0.131931
43 0.813472 0.364245 0.248705 0.139579
43 0.257772 0.410134 0.075130 0.063098
43 0.193005 0.516252 0.059585 0.034417
43 0.371762 0.565966 0.111399 0.057361
43 0.852332 0.572658 0.077720 0.051625
43 0.588083 0.635755 0.253886 0.105163
43 0.768135 0.614723 0.106218 0.066922
43 0.191710 0.685468 0.373057 0.124283
43 0.388601 0.783939 0.067358 0.057361
43 0.681347 0.860421 0.170984 0.133843
43 0.458549 0.870937 0.072539 0.063098
43 0.786269 0.937859 0.064767 0.059273