46 0.531638 0.045763 0.012429 0.047458
46 0.385311 0.076271 0.027119 0.054237
46 0.729379 0.130508 0.077966 0.108475
46 0.657062 0.218644 0.068927 0.105085
46 0.138983 0.283051 0.033898 0.105085
46 0.037853 0.309322 0.073446 0.150847
46 0.101130 0.295763 0.023729 0.032203
46 0.692655 0.328814 0.067797 0.077966
46 0.816384 0.409322 0.204520 0.205085
46 0.262147 0.379661 0.029379 0.023729
46 0.054802 0.447458 0.109605 0.145763
46 0.498305 0.419492 0.058757 0.076271
46 0.555932 0.409322 0.040678 0.049153
46 0.342938 0.412712 0.021469 0.042373
46 0.407345 0.461864 0.044068 0.116949
46 0.254802 0.466949 0.066667 0.035593
46 0.572316 0.494068 0.118644 0.079661
46 0.690960 0.494915 0.035028 0.074576
46 0.249153 0.505932 0.025989 0.042373
46 0.173446 0.508475 0.016949 0.030508
46 0.193785 0.530508 0.016949 0.016949
46 0.535593 0.596610 0.072316 0.132203
46 0.234463 0.679661 0.346893 0.291525
46 0.419209 0.567797 0.047458 0.061017
46 0.688136 0.692373 0.357062 0.300000
46 0.420339 0.614407 0.020339 0.028814
46 0.324859 0.858475 0.213559 0.283051
46 0.576836 0.927119 0.114124 0.128814
46 0.471751 0.937288 0.066667 0.125424