48 0.613500 0.109445 0.121000 0.215892
48 0.817000 0.074213 0.070000 0.145427
48 0.263000 0.200900 0.178000 0.356822
48 0.418000 0.164168 0.104000 0.199400
48 0.887000 0.227136 0.088000 0.220390
48 0.763500 0.261619 0.135000 0.202399
48 0.130500 0.245877 0.103000 0.152924
48 0.727000 0.223388 0.048000 0.077961
48 0.537500 0.330585 0.075000 0.214393
48 0.688500 0.276612 0.061000 0.073463
48 0.960000 0.314093 0.062000 0.112444
48 0.049000 0.362069 0.098000 0.127436
48 0.800500 0.440780 0.215000 0.203898
48 0.625500 0.446027 0.121000 0.133433
48 0.136000 0.461769 0.168000 0.137931
48 0.165000 0.670165 0.246000 0.506747
48 0.424500 0.531484 0.109000 0.205397
48 0.698000 0.621439 0.160000 0.235382
48 0.542500 0.604198 0.107000 0.107946
48 0.312500 0.637181 0.077000 0.149925
48 0.920000 0.640180 0.114000 0.140930
48 0.464000 0.711394 0.124000 0.142429
48 0.904000 0.750375 0.124000 0.124438
48 0.684500 0.752624 0.031000 0.047976
48 0.683000 0.817091 0.180000 0.158921
48 0.330000 0.879310 0.078000 0.235382
48 0.821500 0.871814 0.079000 0.181409
48 0.451000 0.895802 0.156000 0.205397
48 0.587000 0.897301 0.070000 0.154423