42 0.246250 0.281250 0.049167 0.137500
42 0.196667 0.403125 0.045000 0.093750
42 0.539167 0.388750 0.013333 0.020000
42 0.259167 0.444375 0.013333 0.016250
42 0.507500 0.450000 0.011667 0.020000
42 0.446667 0.476250 0.011667 0.022500
42 0.225833 0.490625 0.013333 0.016250
42 0.554167 0.506250 0.013333 0.022500
42 0.770000 0.511875 0.015000 0.021250
42 0.584583 0.533750 0.014167 0.020000
42 0.409583 0.546250 0.030833 0.037500
42 0.537083 0.596250 0.050833 0.117500
42 0.165833 0.557500 0.013333 0.022500
42 0.614167 0.581250 0.011667 0.022500
42 0.485417 0.659375 0.035833 0.073750
42 0.815417 0.731875 0.089167 0.181250
42 0.583750 0.820000 0.167500 0.355000
42 0.445000 0.658125 0.015000 0.023750
42 0.890833 0.731875 0.013333 0.021250
42 0.372083 0.775625 0.014167 0.026250
42 0.930833 0.817500 0.015000 0.037500
42 0.672500 0.825000 0.015000 0.030000
42 0.642500 0.879375 0.058333 0.131250
42 0.898333 0.927500 0.151667 0.145000
42 0.654167 0.916250 0.031667 0.035000
42 0.678333 0.959375 0.020000 0.071250