46 0.483594 0.136792 0.126562 0.243396
46 0.196094 0.215094 0.079687 0.218868
46 0.016406 0.359434 0.032813 0.186792
46 0.613281 0.410377 0.264062 0.160377
46 0.428125 0.413208 0.078125 0.079245
46 0.346094 0.436792 0.114062 0.100000
46 0.667969 0.668868 0.264062 0.530189
46 0.166406 0.445283 0.054688 0.060377
46 0.804688 0.509434 0.140625 0.124528
46 0.340625 0.656604 0.403125 0.350943
46 0.717969 0.532075 0.048438 0.060377
46 0.040625 0.649057 0.056250 0.067925
46 0.157812 0.847170 0.156250 0.101887