47 0.079044 0.027344 0.158088 0.052734
47 0.340074 0.071777 0.153186 0.139648
47 0.712623 0.014648 0.133578 0.025391
47 0.623775 0.131836 0.235294 0.181641
47 0.475490 0.083496 0.049020 0.071289
47 0.083333 0.195801 0.166667 0.209961
47 0.280025 0.199219 0.084559 0.109375
47 0.416667 0.255859 0.112745 0.119141
47 0.939338 0.324219 0.077206 0.054688
47 0.626225 0.386230 0.156863 0.168945
47 0.311887 0.357422 0.077206 0.085938
47 0.403186 0.464355 0.154412 0.143555
47 0.816176 0.436523 0.029412 0.029297
47 0.183211 0.472168 0.087010 0.067383
47 0.590074 0.509277 0.042892 0.032227
47 0.713848 0.544434 0.094363 0.083008
47 0.274510 0.571289 0.066176 0.072266
47 0.364583 0.681641 0.084559 0.169922
47 0.245098 0.737305 0.122549 0.164062
47 0.574755 0.783691 0.078431 0.088867
47 0.731618 0.869141 0.115196 0.078125
47 0.487132 0.891113 0.096814 0.073242