42 0.721000 0.098765 0.078000 0.135802
42 0.422000 0.106481 0.020000 0.064815
42 0.464000 0.157407 0.024000 0.043210
42 0.760000 0.364198 0.200000 0.401235
42 0.310000 0.226852 0.040000 0.064815
42 0.506000 0.341049 0.016000 0.064815
42 0.734000 0.402778 0.100000 0.114198
42 0.597000 0.438272 0.034000 0.080247
42 0.203000 0.472222 0.022000 0.055556
42 0.626000 0.518519 0.020000 0.030864
42 0.295000 0.762346 0.270000 0.376543
42 0.416000 0.629630 0.032000 0.086420
42 0.139000 0.672840 0.030000 0.111111