56 0.651564 0.014575 0.045307 0.027530
56 0.739482 0.017814 0.014024 0.032389
56 0.694175 0.094737 0.026969 0.102024
56 0.266990 0.170850 0.257821 0.226721
56 0.497303 0.175709 0.185545 0.126316
56 0.203344 0.211336 0.100324 0.163563
56 0.408846 0.396761 0.621359 0.338462
56 0.452535 0.376113 0.152104 0.157895
56 0.896980 0.427126 0.197411 0.046154
56 0.274002 0.484615 0.125135 0.107692
56 0.054477 0.465182 0.108954 0.038057
56 0.468716 0.545344 0.305286 0.080162
56 0.383495 0.543725 0.042071 0.034818
56 0.777778 0.584615 0.090615 0.102024
56 0.403452 0.653441 0.088457 0.147368
56 0.548544 0.639676 0.072276 0.059919
56 0.494606 0.694737 0.044229 0.037247
56 0.136462 0.774494 0.193096 0.136842
56 0.320388 0.832794 0.056095 0.062348
56 0.221143 0.956680 0.077670 0.086640