56 0.728125 0.293621 0.223750 0.587242
56 0.433125 0.302064 0.056250 0.037523
56 0.293750 0.369606 0.090000 0.093809
56 0.403125 0.432458 0.093750 0.140713
56 0.514375 0.392120 0.053750 0.033771
56 0.761875 0.474672 0.093750 0.142589
56 0.509375 0.427767 0.066250 0.022514
56 0.474375 0.501876 0.061250 0.050657
56 0.561250 0.709193 0.317500 0.161351
56 0.782500 0.780488 0.085000 0.255159
56 0.530000 0.838649 0.512500 0.311445
56 0.723750 0.790807 0.052500 0.125704
56 0.237500 0.864916 0.155000 0.168856
56 0.659375 0.818011 0.053750 0.056285
56 0.428125 0.848030 0.053750 0.075047
56 0.158750 0.896811 0.122500 0.153846