50 0.222000 0.324324 0.040000 0.228228
50 0.902000 0.330330 0.064000 0.180180
50 0.063000 0.330330 0.034000 0.156156
50 0.825000 0.373874 0.046000 0.135135
50 0.599000 0.406907 0.030000 0.051051
50 0.176000 0.460961 0.024000 0.099099
50 0.105000 0.495495 0.034000 0.162162
50 0.320000 0.512012 0.032000 0.177177
50 0.385000 0.573574 0.058000 0.282282
50 0.044000 0.608108 0.052000 0.243243
50 0.749000 0.567568 0.058000 0.144144
50 0.467000 0.758258 0.066000 0.249249
50 0.698000 0.696697 0.020000 0.126126
50 0.635000 0.780781 0.058000 0.072072
50 0.204000 0.903904 0.040000 0.162162