56 0.428241 0.034028 0.043519 0.050000
56 0.457407 0.181250 0.148148 0.143056
56 0.309259 0.434028 0.033333 0.125000
56 0.280556 0.471528 0.020370 0.050000
56 0.055093 0.487153 0.110185 0.047917
56 0.539352 0.515972 0.021296 0.020833
56 0.072685 0.555903 0.145370 0.092361
56 0.915278 0.549306 0.060185 0.068056
56 0.587037 0.562153 0.046296 0.067361
56 0.700926 0.551042 0.062963 0.039583
56 0.223148 0.584028 0.088889 0.100000
56 0.413426 0.643750 0.199074 0.218056
56 0.165278 0.576389 0.023148 0.037500
56 0.656944 0.567708 0.025000 0.011806
56 0.730556 0.629861 0.037037 0.026389
56 0.051852 0.729167 0.101852 0.154167
56 0.669907 0.698264 0.117593 0.071528
56 0.773611 0.831597 0.132407 0.335417
56 0.547685 0.686458 0.052778 0.035417
56 0.899537 0.720139 0.191667 0.084722
56 0.687963 0.882986 0.114815 0.067361
56 0.371296 0.949306 0.122222 0.098611
56 0.602315 0.917708 0.199074 0.028472
56 0.880093 0.929167 0.158333 0.040278
56 0.764352 0.931944 0.052778 0.023611