56 0.349375 0.015966 0.018750 0.031933
56 0.718125 0.310084 0.106250 0.522689
56 0.384375 0.142857 0.023750 0.060504
56 0.404375 0.352941 0.088750 0.389916
56 0.438125 0.416807 0.048750 0.194958
56 0.192500 0.477311 0.070000 0.205042
56 0.620625 0.496639 0.031250 0.193277
56 0.733125 0.701681 0.261250 0.596639
56 0.299375 0.616807 0.058750 0.124370
56 0.505625 0.682353 0.046250 0.208403
56 0.288125 0.663025 0.056250 0.139496
56 0.440625 0.723529 0.068750 0.156303
56 0.506875 0.763866 0.048750 0.126050
56 0.391875 0.894958 0.066250 0.115966
56 0.717500 0.969748 0.035000 0.060504