50 0.809245 0.119833 0.081163 0.239667
50 0.243164 0.201980 0.058811 0.281695
50 0.709093 0.252345 0.032769 0.187912
50 0.583984 0.388850 0.064670 0.130254
50 0.179470 0.500521 0.057292 0.244529
50 0.759440 0.556617 0.074002 0.347690
50 0.954536 0.505210 0.090929 0.233067
50 0.166775 0.607676 0.100043 0.285168
50 0.361762 0.593262 0.051649 0.140327
50 0.462023 0.697464 0.040799 0.207711
50 0.854926 0.776138 0.217231 0.274748
50 0.084961 0.849601 0.169922 0.300799
50 0.303928 0.851858 0.084852 0.296283
50 0.543077 0.853769 0.087023 0.265370