53 0.598145 0.020833 0.034180 0.039062
53 0.594727 0.483073 0.216797 0.692708
53 0.448730 0.420573 0.098633 0.369792
53 0.897461 0.429036 0.054688 0.095052
53 0.924805 0.451172 0.023438 0.032552
53 0.862793 0.587240 0.022461 0.031250
53 0.815918 0.616536 0.014648 0.029948
53 0.149414 0.828776 0.201172 0.342448
53 0.789062 0.690104 0.017578 0.039062
53 0.888184 0.726562 0.049805 0.093750
53 0.661133 0.861328 0.310547 0.274740
53 0.752930 0.804036 0.042969 0.092448
53 0.344238 0.784505 0.020508 0.029948
53 0.898438 0.910807 0.070312 0.089844