49 0.449153 0.169444 0.114878 0.065556
49 0.401130 0.371667 0.278719 0.178889
49 0.483051 0.498889 0.178908 0.115556
49 0.282486 0.550000 0.041431 0.075556
49 0.423729 0.593889 0.116761 0.067778
49 0.450094 0.682222 0.097928 0.062222
49 0.629002 0.693889 0.097928 0.061111
49 0.306968 0.700556 0.079096 0.050000
49 0.449153 0.755000 0.080979 0.045556
49 0.675141 0.781111 0.043315 0.033333
49 0.622411 0.812778 0.080979 0.056667
49 0.479284 0.818333 0.088512 0.052222
49 0.374765 0.869444 0.109228 0.063333
49 0.370998 0.959444 0.071563 0.036667