50 0.090833 0.167500 0.045000 0.280000
50 0.587500 0.170000 0.061667 0.165000
50 0.628333 0.252500 0.080000 0.190000
50 0.022500 0.226250 0.045000 0.112500
50 0.480000 0.260000 0.036667 0.150000
50 0.392500 0.310000 0.051667 0.220000
50 0.806667 0.328750 0.083333 0.157500
50 0.696667 0.387500 0.080000 0.210000
50 0.581667 0.462500 0.043333 0.115000
50 0.088333 0.606250 0.076667 0.222500
50 0.459167 0.682500 0.035000 0.195000
50 0.355000 0.788750 0.056667 0.262500
50 0.519167 0.795000 0.055000 0.190000
50 0.793333 0.870000 0.086667 0.175000
50 0.859167 0.883750 0.058333 0.172500
50 0.149167 0.902500 0.091667 0.195000