56 0.302315 0.192751 0.269444 0.382208
56 0.722685 0.148270 0.137963 0.293245
56 0.662963 0.200988 0.155556 0.395387
56 0.829630 0.090610 0.155556 0.164745
56 0.545370 0.238056 0.066667 0.304778
56 0.792593 0.463756 0.075926 0.393740
56 0.641667 0.516474 0.214815 0.420099
56 0.522222 0.460461 0.033333 0.070840
56 0.556944 0.503295 0.037963 0.136738
56 0.673148 0.671334 0.111111 0.331137
56 0.712500 0.623558 0.039815 0.219110
56 0.855093 0.783361 0.049074 0.057661
56 0.802778 0.839374 0.053704 0.077430
56 0.762500 0.877265 0.071296 0.070840