50 0.807179 0.045455 0.045075 0.090909
50 0.622705 0.199557 0.060100 0.155211
50 0.754591 0.184035 0.040067 0.093126
50 0.096828 0.211752 0.060100 0.139690
50 0.226210 0.184035 0.035058 0.084257
50 0.379800 0.212860 0.045075 0.115299
50 0.176962 0.393570 0.050083 0.179601
50 0.824708 0.537694 0.046745 0.117517
50 0.565109 0.544346 0.048414 0.108647
50 0.314691 0.564302 0.041736 0.121951
50 0.720367 0.722838 0.035058 0.137472
50 0.608514 0.733925 0.041736 0.097561
50 0.396494 0.779379 0.041736 0.126386
50 0.449917 0.940133 0.065109 0.119734