56 0.804688 0.250000 0.359375 0.500000
56 0.327344 0.252083 0.048438 0.020833
56 0.429688 0.265625 0.062500 0.035417
56 0.292187 0.325000 0.109375 0.087500
56 0.404687 0.382292 0.096875 0.131250
56 0.515625 0.350000 0.059375 0.033333
56 0.735156 0.466667 0.114062 0.216667
56 0.506250 0.379167 0.059375 0.020833
56 0.474219 0.447917 0.064062 0.050000
56 0.931250 0.525000 0.115625 0.062500
56 0.360156 0.583333 0.017188 0.066667
56 0.557813 0.653125 0.303125 0.185417
56 0.929688 0.593750 0.140625 0.066667
56 0.191406 0.602083 0.079687 0.054167
56 0.783594 0.690625 0.085938 0.227083
56 0.093750 0.611458 0.043750 0.035417
56 0.244531 0.596875 0.001563 0.002083
56 0.519531 0.748958 0.545312 0.302083
56 0.350781 0.713542 0.017188 0.089583
56 0.242188 0.764583 0.168750 0.158333
56 0.401562 0.740625 0.015625 0.085417
56 0.428906 0.752083 0.054688 0.070833
56 0.112500 0.840625 0.215625 0.202083
56 0.368750 0.816667 0.012500 0.070833
56 0.345313 0.847917 0.015625 0.083333
56 0.155469 0.844792 0.001563 0.002083