55 0.660000 0.272776 0.028571 0.071811
55 0.062857 0.363880 0.125714 0.217578
55 0.405714 0.637192 0.122857 0.699893
55 0.687857 0.352626 0.052857 0.049303
55 0.670714 0.398714 0.032857 0.055734
55 0.256429 0.478564 0.018571 0.091104
55 0.629286 0.531083 0.035714 0.086817
55 0.590000 0.536442 0.020000 0.048232
55 0.751429 0.739550 0.497143 0.426581
55 0.638571 0.599678 0.042857 0.031083
55 0.590000 0.673098 0.062857 0.079314
55 0.276429 0.711683 0.015714 0.032154
55 0.231429 0.742229 0.020000 0.084673
55 0.285714 0.781350 0.025714 0.060021
55 0.667857 0.890139 0.138571 0.215434
55 0.580714 0.957663 0.024286 0.082529