56 0.109000 0.077333 0.138000 0.154667
56 0.427000 0.088000 0.078000 0.170667
56 0.682000 0.130667 0.120000 0.144000
56 0.813000 0.226667 0.238000 0.277333
56 0.263000 0.196000 0.034000 0.050667
56 0.323000 0.306667 0.146000 0.106667
56 0.711000 0.276000 0.062000 0.040000
56 0.631000 0.298667 0.078000 0.048000
56 0.603000 0.438667 0.058000 0.082667
56 0.312000 0.542667 0.140000 0.130667
56 0.380000 0.525333 0.096000 0.074667
56 0.566000 0.538667 0.076000 0.085333
56 0.845000 0.708000 0.310000 0.402667
56 0.628000 0.574667 0.108000 0.082667
56 0.411000 0.642667 0.078000 0.160000
56 0.160000 0.628000 0.072000 0.066667
56 0.545000 0.618667 0.082000 0.048000
56 0.055000 0.833333 0.110000 0.136000
56 0.543000 0.801333 0.038000 0.050667
56 0.244000 0.921333 0.272000 0.088000
56 0.107000 0.957333 0.114000 0.048000