54 0.192960 0.093913 0.062581 0.031304
54 0.554759 0.156522 0.160365 0.080000
54 0.336375 0.137391 0.031291 0.020870
54 0.857236 0.171304 0.285528 0.085217
54 0.362451 0.186957 0.031291 0.015652
54 0.897001 0.290435 0.205997 0.083478
54 0.651239 0.289565 0.272490 0.057391
54 0.387223 0.288696 0.057366 0.027826
54 0.187093 0.311304 0.097784 0.027826
54 0.035202 0.344348 0.070404 0.027826
54 0.198827 0.341739 0.032595 0.022609
54 0.773794 0.389565 0.142112 0.086957
54 0.546284 0.399130 0.041721 0.026087
54 0.108214 0.420870 0.044329 0.017391
54 0.621904 0.440870 0.166884 0.057391
54 0.061278 0.453043 0.122555 0.043478
54 0.428292 0.468696 0.186441 0.067826
54 0.196871 0.453043 0.073012 0.029565
54 0.270535 0.483478 0.095176 0.045217
54 0.858540 0.501739 0.282920 0.078261
54 0.048240 0.499130 0.041721 0.020870
54 0.144068 0.501739 0.037810 0.019130
54 0.500000 0.654783 1.000000 0.116522
54 0.213168 0.629565 0.045632 0.020870
54 0.290743 0.626087 0.044329 0.013913