56 0.833333 0.204938 0.192593 0.409877
56 0.319444 0.306173 0.179630 0.108642
56 0.912037 0.343210 0.175926 0.143210
56 0.349074 0.438272 0.690741 0.219753
56 0.111111 0.581481 0.222222 0.140741
56 0.225000 0.509877 0.001852 0.002469
56 0.519444 0.658025 0.157407 0.259259
56 0.710185 0.681481 0.101852 0.237037
56 0.176852 0.627160 0.205556 0.064198
56 0.333333 0.696296 0.192593 0.113580
56 0.058333 0.708642 0.116667 0.079012
56 0.047222 0.769136 0.094444 0.056790
56 0.128704 0.864198 0.253704 0.093827
56 0.583333 0.966667 0.140741 0.061728