54 0.273396 0.038750 0.041444 0.077500
54 0.401070 0.043125 0.029412 0.083750
54 0.447861 0.079375 0.066845 0.158750
54 0.561497 0.022500 0.029412 0.042500
54 0.135695 0.097500 0.033422 0.090000
54 0.566176 0.136875 0.038770 0.068750
54 0.785428 0.213750 0.020053 0.035000
54 0.128342 0.260000 0.042781 0.105000
54 0.731952 0.243750 0.046791 0.072500
54 0.179144 0.230625 0.024064 0.041250
54 0.625000 0.321875 0.028075 0.068750
54 0.657086 0.368750 0.033422 0.085000
54 0.507353 0.451250 0.054813 0.170000
54 0.292781 0.491875 0.040107 0.108750
54 0.707219 0.502500 0.058824 0.102500
54 0.137701 0.495625 0.032086 0.038750
54 0.110294 0.682500 0.073529 0.370000
54 0.471925 0.646250 0.018717 0.047500
54 0.274064 0.743125 0.074866 0.231250
54 0.402406 0.655000 0.026738 0.030000
54 0.644385 0.716875 0.066845 0.146250
54 0.673797 0.780625 0.029412 0.053750
54 0.202540 0.820000 0.028075 0.065000
54 0.437166 0.810000 0.018717 0.035000
54 0.478610 0.815000 0.018717 0.040000
54 0.295455 0.958125 0.042781 0.083750
54 0.586230 0.976250 0.086898 0.047500