56 0.732000 0.223801 0.021333 0.110124
56 0.608000 0.239787 0.026667 0.056838
56 0.107333 0.333037 0.174667 0.200710
56 0.474667 0.452931 0.050667 0.060391
56 0.539333 0.504440 0.073333 0.088810
56 0.502667 0.587034 0.101333 0.033748
56 0.213333 0.743339 0.165333 0.026643
56 0.318667 0.786856 0.029333 0.024867
56 0.219333 0.817052 0.070667 0.039076
56 0.484667 0.899645 0.028000 0.197158
56 0.807333 0.854352 0.033333 0.031972
56 0.507333 0.903197 0.009333 0.090586
56 0.748667 0.931616 0.086667 0.069272