56 0.027083 0.077500 0.054167 0.152500
56 0.372083 0.110000 0.010833 0.180000
56 0.764167 0.314375 0.145000 0.576250
56 0.677917 0.221875 0.052500 0.271250
56 0.756250 0.187500 0.052500 0.177500
56 0.288333 0.270625 0.108333 0.296250
56 0.094167 0.265000 0.178333 0.067500
56 0.919583 0.291875 0.104167 0.121250
56 0.560417 0.576250 0.044167 0.530000
56 0.808333 0.545000 0.098333 0.435000
56 0.462500 0.680000 0.196667 0.640000
56 0.523750 0.442500 0.032500 0.132500
56 0.254167 0.598750 0.246667 0.405000
56 0.667500 0.436875 0.040000 0.076250
56 0.966667 0.615000 0.035000 0.265000
56 0.735000 0.631875 0.041667 0.076250
56 0.724167 0.815000 0.083333 0.185000
56 0.344167 0.860000 0.045000 0.147500