56 0.072656 0.010705 0.032813 0.018892
56 0.193750 0.067380 0.065625 0.051637
56 0.323437 0.092569 0.096875 0.054156
56 0.228125 0.241184 0.100000 0.102015
56 0.588281 0.295970 0.035937 0.083123
56 0.596094 0.352015 0.073438 0.177582
56 0.308594 0.341940 0.032813 0.031486
56 0.535156 0.496851 0.070312 0.051637
56 0.332813 0.496222 0.062500 0.045340
56 0.560937 0.534005 0.084375 0.065491
56 0.107813 0.566751 0.075000 0.123426
56 0.399219 0.532116 0.048438 0.041562
56 0.651563 0.547229 0.068750 0.051637
56 0.567187 0.630353 0.112500 0.102015
56 0.585156 0.617758 0.085938 0.074307
56 0.957812 0.620907 0.084375 0.025189
56 0.504687 0.643577 0.125000 0.062972
56 0.162500 0.654912 0.037500 0.045340
56 0.746875 0.705919 0.043750 0.122166
56 0.682813 0.682620 0.040625 0.047859
56 0.371094 0.719773 0.254688 0.099496
56 0.479687 0.724181 0.137500 0.073048
56 0.667969 0.749370 0.051562 0.052897
56 0.397656 0.783375 0.089063 0.068010
56 0.582031 0.768262 0.107813 0.030227
56 0.852344 0.822418 0.129688 0.138539
56 0.871875 0.858942 0.165625 0.153652
56 0.717969 0.908060 0.160938 0.181360
56 0.159375 0.928212 0.075000 0.080605
56 0.314844 0.937657 0.079687 0.076826
56 0.221875 0.954030 0.040625 0.039043