50 0.699219 0.146542 0.085938 0.145369
50 0.842969 0.193435 0.126562 0.187573
50 0.608594 0.188159 0.110937 0.162954
50 0.935937 0.212192 0.075000 0.114889
50 0.428906 0.344666 0.251563 0.356389
50 0.629687 0.335873 0.190625 0.252052
50 0.785156 0.477140 0.164062 0.370457
50 0.753906 0.350528 0.082812 0.105510
50 0.278125 0.469519 0.068750 0.226260
50 0.090625 0.502345 0.109375 0.132474
50 0.378906 0.613716 0.110937 0.184056
50 0.057031 0.702814 0.114062 0.111372
50 0.585156 0.725674 0.060937 0.105510
50 0.667188 0.725674 0.046875 0.079719
50 0.750000 0.781360 0.087500 0.099648
50 0.420312 0.827081 0.068750 0.113716
50 0.092969 0.903283 0.079687 0.139508