54 0.487061 0.025391 0.028809 0.048828
54 0.428711 0.064616 0.011719 0.016602
54 0.529785 0.074707 0.010742 0.013346
54 0.635742 0.093099 0.012695 0.020182
54 0.492920 0.161621 0.026855 0.068685
54 0.522705 0.186523 0.026855 0.061198
54 0.537842 0.250814 0.010254 0.015299
54 0.390137 0.496745 0.047852 0.452474
54 0.486328 0.371094 0.032227 0.046224
54 0.518066 0.610352 0.046875 0.173177
54 0.560059 0.560547 0.034180 0.073568
54 0.454834 0.603190 0.020996 0.033854
54 0.591309 0.654785 0.009766 0.018555
54 0.532959 0.709961 0.030762 0.033203
54 0.433838 0.710612 0.022949 0.023438
54 0.459717 0.716634 0.015137 0.019857
54 0.536865 0.785482 0.031738 0.062500
54 0.431396 0.795736 0.009277 0.010091
54 0.504639 0.833171 0.021973 0.028971
54 0.400879 0.850098 0.007812 0.023112
54 0.437256 0.873861 0.033691 0.060221
54 0.550537 0.862467 0.020996 0.019857
54 0.505859 0.872884 0.010742 0.014648
54 0.561768 0.878906 0.009277 0.011068
54 0.465576 0.916992 0.020020 0.021484
54 0.439697 0.946940 0.011230 0.027995
54 0.520996 0.972168 0.075195 0.054362