56 0.472656 0.152473 0.023438 0.052198
56 0.660937 0.245879 0.056250 0.129121
56 0.514844 0.258242 0.026562 0.109890
56 0.182812 0.306319 0.015625 0.090659
56 0.771875 0.299451 0.037500 0.071429
56 0.422656 0.322802 0.020313 0.090659
56 0.553125 0.314560 0.028125 0.074176
56 0.784375 0.350275 0.043750 0.096154
56 0.707812 0.348901 0.018750 0.049451
56 0.631250 0.427198 0.025000 0.145604
56 0.535156 0.392857 0.032813 0.049451
56 0.155469 0.432692 0.079687 0.107143
56 0.718750 0.417582 0.050000 0.065934
56 0.548438 0.469780 0.028125 0.038462
56 0.404687 0.486264 0.034375 0.043956
56 0.525000 0.549451 0.021875 0.054945
56 0.149219 0.587912 0.045312 0.032967
56 0.666406 0.608516 0.020313 0.035714
56 0.151562 0.618132 0.062500 0.021978
56 0.356250 0.634615 0.065625 0.038462
56 0.645312 0.649725 0.018750 0.030220
56 0.797656 0.700549 0.026562 0.054945
56 0.555469 0.695055 0.032813 0.027473
56 0.694531 0.734890 0.064062 0.013736
56 0.840625 0.826923 0.037500 0.032967
56 0.560937 0.883242 0.028125 0.101648
56 0.464062 0.914835 0.018750 0.093407