56 0.661102 0.041109 0.016694 0.074570
56 0.763773 0.159656 0.025042 0.105163
56 0.410684 0.153920 0.023372 0.066922
56 0.343907 0.185468 0.016694 0.080306
56 0.994992 0.229446 0.010017 0.126195
56 0.411519 0.227533 0.018364 0.065010
56 0.694491 0.394837 0.043406 0.307839
56 0.806344 0.279159 0.023372 0.072658
56 0.801336 0.341300 0.020033 0.024857
56 0.987479 0.390057 0.021703 0.045889
56 0.358097 0.481836 0.151920 0.107075
56 0.434891 0.484704 0.035058 0.066922
56 0.469950 0.486616 0.021703 0.070746
56 0.438230 0.624283 0.018364 0.043977