53 0.539000 0.147826 0.098000 0.295652
53 0.330500 0.058261 0.025000 0.081739
53 0.699000 0.348696 0.034000 0.471304
53 0.184000 0.346957 0.040000 0.349565
53 0.303000 0.334783 0.014000 0.033043
53 0.377500 0.446087 0.059000 0.186087
53 0.518000 0.600870 0.108000 0.248696
53 0.054000 0.738261 0.050000 0.509565
53 0.158000 0.767826 0.020000 0.290435
53 0.202000 0.712174 0.032000 0.046957
53 0.618500 0.855652 0.199000 0.257391
53 0.679000 0.770435 0.018000 0.038261
53 0.636500 0.908696 0.011000 0.019130
53 0.143500 0.942609 0.021000 0.052174
53 0.308000 0.960000 0.038000 0.080000