55 0.030469 0.248611 0.060937 0.497222
55 0.111719 0.498611 0.179688 0.997222
55 0.696094 0.500000 0.160938 1.000000
55 0.270313 0.158333 0.059375 0.305556
55 0.314844 0.183333 0.064062 0.355556
55 0.358594 0.331944 0.026562 0.075000
55 0.890625 0.538889 0.218750 0.383333
55 0.283594 0.450000 0.048438 0.155556
55 0.335156 0.434722 0.026562 0.091667
55 0.560156 0.425000 0.017188 0.050000
55 0.567187 0.487500 0.015625 0.047222
55 0.267969 0.670833 0.073438 0.258333
55 0.219531 0.680556 0.085938 0.261111
55 0.304688 0.795833 0.084375 0.408333