54 0.440417 0.364882 0.032500 0.271482
54 0.847500 0.346202 0.030000 0.196762
54 0.550000 0.518057 0.023333 0.156912
54 0.584583 0.543587 0.030833 0.105853
54 0.642917 0.516189 0.007500 0.018680
54 0.270417 0.650685 0.212500 0.217933
54 0.690417 0.570361 0.009167 0.047323
54 0.624167 0.645081 0.023333 0.102117
54 0.701667 0.607098 0.011667 0.021171
54 0.597917 0.622042 0.010833 0.043587
54 0.535417 0.646326 0.020833 0.067248
54 0.562917 0.686177 0.010833 0.092154
54 0.862500 0.777086 0.030000 0.186800
54 0.725417 0.719178 0.012500 0.046077
54 0.239583 0.793898 0.054167 0.175592
54 0.635417 0.741594 0.035833 0.070984
54 0.713333 0.722914 0.010000 0.016189
54 0.729583 0.765878 0.010833 0.014944
54 0.381667 0.841843 0.015000 0.146949
54 0.922500 0.881694 0.051667 0.229141
54 0.416250 0.829390 0.019167 0.042341
54 0.433750 0.880448 0.009167 0.032379
54 0.460000 0.960772 0.043333 0.078456
54 0.347500 0.973225 0.063333 0.051059
54 0.422500 0.976339 0.058333 0.047323