53 0.553250 0.481215 0.248500 0.096133
53 0.465250 0.577624 0.251500 0.175138
53 0.591750 0.489779 0.000500 0.000552
53 0.336250 0.546409 0.100500 0.023204
53 0.976000 0.612707 0.048000 0.053039
53 0.511000 0.645856 0.095000 0.035359
53 0.666750 0.794475 0.277500 0.268508
53 0.256500 0.726796 0.303000 0.129834
53 0.940750 0.685635 0.075500 0.026519
53 0.083500 0.780387 0.167000 0.155249
53 0.457750 0.838122 0.105500 0.184530
53 0.765750 0.884254 0.034500 0.231492
53 0.893000 0.809116 0.076000 0.055801
53 0.356000 0.927901 0.178000 0.144199
53 0.468000 0.923757 0.060000 0.041989