50 0.511667 0.114570 0.033333 0.136986
50 0.542083 0.136986 0.027500 0.124533
50 0.161250 0.162516 0.022500 0.098381
50 0.235833 0.244707 0.046667 0.175592
50 0.152083 0.299502 0.037500 0.088418
50 0.396250 0.321918 0.027500 0.100872
50 0.782917 0.325031 0.049167 0.082192
50 0.374583 0.413450 0.044167 0.164384
50 0.609167 0.441469 0.050000 0.200498
50 0.181250 0.429016 0.055833 0.165629
50 0.543750 0.453300 0.037500 0.174346
50 0.880000 0.570361 0.068333 0.149440
50 0.381250 0.567870 0.029167 0.124533
50 0.816667 0.562267 0.038333 0.108344
50 0.595833 0.716687 0.050000 0.225405
50 0.390000 0.714197 0.058333 0.098381
50 0.225417 0.773350 0.040833 0.109589
50 0.201250 0.939601 0.050833 0.120797