53 0.954286 0.075238 0.040000 0.081905
53 0.467143 0.162857 0.045714 0.093333
53 0.935714 0.290476 0.040000 0.093333
53 0.753571 0.389524 0.061429 0.165714
53 0.845714 0.386667 0.082857 0.106667
53 0.355000 0.392381 0.018571 0.038095
53 0.596429 0.540000 0.018571 0.028571
53 0.886429 0.592381 0.035714 0.041905
53 0.405000 0.660952 0.050000 0.080000
53 0.970000 0.647619 0.022857 0.034286
53 0.861429 0.642857 0.025714 0.020952
53 0.786429 0.706667 0.021429 0.038095
53 0.914286 0.716190 0.037143 0.038095
53 0.430714 0.880952 0.081429 0.169524
53 0.650000 0.890476 0.031429 0.059048
53 0.274286 0.945714 0.031429 0.070476
53 0.419286 0.982857 0.024286 0.030476