56 0.486719 0.047500 0.023438 0.065000
56 0.274219 0.155000 0.032813 0.105000
56 0.357031 0.193750 0.029687 0.167500
56 0.439063 0.207500 0.025000 0.110000
56 0.539844 0.256250 0.039062 0.167500
56 0.462500 0.243750 0.015625 0.092500
56 0.855469 0.245000 0.026562 0.095000
56 0.962500 0.241250 0.040625 0.077500
56 0.323437 0.368750 0.015625 0.102500
56 0.500781 0.480000 0.026562 0.080000
56 0.403125 0.558750 0.056250 0.117500
56 0.506250 0.550000 0.018750 0.070000
56 0.497656 0.765000 0.032813 0.055000
56 0.329688 0.816250 0.050000 0.132500