50 0.070312 0.189453 0.093750 0.376302
50 0.278809 0.136068 0.069336 0.105469
50 0.701172 0.317057 0.230469 0.214844
50 0.240723 0.236328 0.000977 0.001302
50 0.187012 0.311198 0.057617 0.145833
50 0.424316 0.531250 0.364258 0.588542
50 0.967773 0.587891 0.064453 0.488281
50 0.827637 0.503906 0.081055 0.296875
50 0.188965 0.615234 0.088867 0.243490
50 0.015137 0.761068 0.030273 0.243490
50 0.673340 0.738281 0.026367 0.062500
50 0.799805 0.823568 0.056641 0.157552
50 0.079102 0.874349 0.042969 0.201823