56 0.678333 0.087222 0.028333 0.174444
56 0.572083 0.187222 0.045833 0.352222
56 0.032917 0.188889 0.064167 0.220000
56 0.416667 0.246667 0.038333 0.317778
56 0.735833 0.254444 0.061667 0.284444
56 0.819167 0.283333 0.045000 0.306667
56 0.114583 0.211667 0.049167 0.138889
56 0.963750 0.309444 0.070833 0.261111
56 0.772500 0.346667 0.041667 0.155556
56 0.865833 0.347778 0.020000 0.157778
56 0.477500 0.400000 0.033333 0.237778
56 0.094583 0.329444 0.012500 0.054444
56 0.389583 0.416667 0.054167 0.197778
56 0.598750 0.405556 0.022500 0.171111
56 0.272500 0.538333 0.125000 0.392222
56 0.070833 0.492222 0.035000 0.273333
56 0.546250 0.477222 0.062500 0.243333
56 0.754583 0.490000 0.094167 0.211111
56 0.800417 0.444444 0.020833 0.086667
56 0.913333 0.488889 0.033333 0.080000
56 0.872083 0.506667 0.022500 0.100000
56 0.877917 0.798889 0.107500 0.366667
56 0.596667 0.735556 0.070000 0.184444
56 0.755833 0.740000 0.093333 0.186667
56 0.680417 0.746111 0.087500 0.121111
56 0.088750 0.796667 0.029167 0.066667
56 0.305000 0.836667 0.030000 0.097778
56 0.380417 0.895556 0.107500 0.206667
56 0.122500 0.892222 0.041667 0.120000
56 0.664167 0.952778 0.078333 0.092222
56 0.162500 0.967222 0.023333 0.065556