53 0.162750 0.153543 0.062500 0.148856
53 0.227250 0.193663 0.077500 0.130109
53 0.198250 0.171541 0.019500 0.022872
53 0.043000 0.259655 0.086000 0.148106
53 0.506250 0.452006 0.109500 0.336333
53 0.212000 0.340270 0.019000 0.111361
53 0.654250 0.435133 0.227500 0.296588
53 0.210750 0.421635 0.052500 0.044619
53 0.166750 0.559993 0.332500 0.205849
53 0.189250 0.494751 0.023500 0.022872
53 0.084500 0.633483 0.169000 0.066367
53 0.638250 0.687102 0.179500 0.047619
53 0.349250 0.775966 0.177500 0.216348
53 0.754250 0.790964 0.359500 0.090364
53 0.196750 0.866329 0.168500 0.227597
53 0.546750 0.925384 0.210500 0.149231