54 0.307387 0.221858 0.600477 0.443716
54 0.612391 0.048087 0.022240 0.093989
54 0.838364 0.426230 0.323272 0.852459
54 0.403892 0.353005 0.264496 0.340984
54 0.515488 0.403825 0.030183 0.029508
54 0.695790 0.606011 0.196982 0.248087
54 0.605242 0.586885 0.058777 0.074317
54 0.549643 0.633880 0.027006 0.085246
54 0.754964 0.787978 0.062748 0.085246
54 0.617951 0.878142 0.042891 0.239344
54 0.900715 0.943169 0.115965 0.113661
54 0.851469 0.974317 0.071485 0.049180
54 0.569500 0.978689 0.017474 0.040437