49 0.680176 0.023673 0.028320 0.030129
49 0.887695 0.085366 0.064453 0.107604
49 0.825195 0.073171 0.037109 0.054519
49 0.773926 0.106169 0.030273 0.048780
49 0.733887 0.101865 0.028320 0.034433
49 0.202148 0.251793 0.048828 0.087518
49 0.475586 0.239598 0.025391 0.040172
49 0.554199 0.266858 0.034180 0.068867
49 0.323730 0.263989 0.018555 0.037303
49 0.397949 0.268293 0.022461 0.043042
49 0.300293 0.428981 0.032227 0.051650
49 0.406738 0.443329 0.038086 0.057389
49 0.140625 0.454089 0.052734 0.067432
49 0.339355 0.443329 0.032227 0.043042
49 0.536621 0.457676 0.040039 0.057389
49 0.607422 0.450502 0.023438 0.037303
49 0.732910 0.464849 0.075195 0.068867
49 0.460938 0.453372 0.027344 0.034433
49 0.861816 0.476327 0.036133 0.054519
49 0.693848 0.454089 0.000977 0.001435
49 0.655762 0.486370 0.034180 0.045911
49 0.336914 0.675753 0.091797 0.074605
49 0.244629 0.674319 0.047852 0.065997
49 0.451172 0.676471 0.052734 0.067432
49 0.519043 0.689383 0.040039 0.058824
49 0.698730 0.685079 0.045898 0.047346
49 0.599121 0.688666 0.024414 0.025825
49 0.666504 0.865854 0.047852 0.081779
49 0.483398 0.852941 0.039062 0.041607