56 0.083333 0.500000 0.166667 1.000000
56 0.700694 0.257848 0.118056 0.089686
56 0.959028 0.304933 0.073611 0.121076
56 0.756944 0.290359 0.038889 0.051570
56 0.905556 0.371076 0.186111 0.118834
56 0.690972 0.390135 0.093056 0.121076
56 0.513889 0.684978 0.463889 0.621076
56 0.685417 0.441704 0.034722 0.044843
56 0.824306 0.582960 0.084722 0.197309
56 0.746528 0.641256 0.104167 0.183857
56 0.387500 0.769058 0.272222 0.372197
56 0.650694 0.804933 0.076389 0.304933
56 0.724306 0.774664 0.068056 0.172646
56 0.346528 0.886771 0.123611 0.172646