56 0.256734 0.500000 0.291246 1.000000
56 0.674242 0.076316 0.085859 0.152632
56 0.751684 0.107895 0.025253 0.131579
56 0.147306 0.157895 0.079125 0.031579
56 0.283670 0.168421 0.089226 0.026316
56 0.419192 0.184211 0.067340 0.031579
56 0.622054 0.288158 0.122896 0.202632
56 0.180976 0.203947 0.079125 0.028947
56 0.250842 0.330263 0.074074 0.118421
56 0.736532 0.332895 0.042088 0.128947
56 0.369529 0.573684 0.143098 0.594737
56 0.555556 0.430263 0.050505 0.139474
56 0.491582 0.418421 0.023569 0.031579
56 0.461279 0.419737 0.023569 0.023684
56 0.627104 0.497368 0.021886 0.126316
56 0.654040 0.513158 0.031987 0.115789
56 0.642256 0.867105 0.314815 0.260526
56 0.275253 0.827632 0.052189 0.097368
56 0.367003 0.907895 0.101010 0.052632
56 0.292929 0.942105 0.131313 0.115789
56 0.361111 0.996053 0.001684 0.002632