56 0.117500 0.151557 0.070000 0.301282
56 0.371000 0.059982 0.020000 0.119963
56 0.129250 0.123168 0.058500 0.242674
56 0.720750 0.146520 0.152500 0.289377
56 0.238500 0.175366 0.048000 0.279304
56 0.205000 0.115842 0.018000 0.081502
56 0.437000 0.107143 0.018000 0.054945
56 0.095750 0.219780 0.040500 0.206960
56 0.420500 0.186813 0.030000 0.133700
56 0.401000 0.315018 0.080000 0.040293
56 0.081500 0.354853 0.162000 0.059524
56 0.441750 0.335623 0.000500 0.000916
56 0.348500 0.401557 0.337000 0.088828
56 0.518250 0.407967 0.000500 0.000916
56 0.660000 0.643315 0.075000 0.297619
56 0.241750 0.575549 0.032500 0.127289
56 0.709250 0.675366 0.052500 0.222527
56 0.237500 0.671703 0.029000 0.141941
56 0.114250 0.774267 0.227500 0.182234
56 0.621750 0.793498 0.053500 0.162088
56 0.052250 0.775183 0.000500 0.000916
56 0.145750 0.854396 0.185500 0.157509
56 0.035750 0.900641 0.070500 0.198718
56 0.920750 0.840201 0.054500 0.032051
56 0.847750 0.861264 0.021500 0.021062
56 0.769250 0.930861 0.039500 0.138278
56 0.649000 0.950549 0.051000 0.098901
56 0.199750 0.956502 0.065500 0.074176
56 0.608750 0.975733 0.023500 0.048535