49 0.084375 0.061298 0.043750 0.122596
49 0.450781 0.500000 0.207813 1.000000
49 0.921875 0.137019 0.081250 0.274038
49 0.560156 0.111779 0.035937 0.213942
49 0.323437 0.093750 0.034375 0.163462
49 0.685937 0.539663 0.134375 0.920673
49 0.675781 0.200721 0.026562 0.064904
49 0.332813 0.250000 0.031250 0.134615
49 0.825781 0.212740 0.039062 0.055288
49 0.224219 0.343750 0.020313 0.086538
49 0.110156 0.373798 0.045312 0.074519
49 0.593750 0.599760 0.034375 0.401442
49 0.936719 0.501202 0.023438 0.161058
49 0.227344 0.544471 0.035937 0.223558
49 0.144531 0.475962 0.042188 0.076923
49 0.853125 0.581731 0.090625 0.144231
49 0.101562 0.584135 0.037500 0.105769
49 0.136719 0.576923 0.026562 0.062500
49 0.198437 0.633413 0.081250 0.170673
49 0.961719 0.617788 0.054688 0.110577
49 0.970313 0.784856 0.059375 0.329327
49 0.126562 0.703125 0.028125 0.103365
49 0.876563 0.673077 0.028125 0.038462
49 0.754687 0.705529 0.031250 0.036058
49 0.824219 0.737981 0.057813 0.096154
49 0.206250 0.819712 0.034375 0.182692