51 0.450952 0.322072 0.031429 0.031532
51 0.943810 0.347598 0.045714 0.046547
51 0.965714 0.431682 0.040000 0.031532
51 0.695238 0.445946 0.041905 0.039039
51 0.615714 0.454204 0.031429 0.040541
51 0.854286 0.451952 0.036190 0.030030
51 0.553810 0.489489 0.033333 0.045045
51 0.647619 0.496246 0.030476 0.034535
51 0.735714 0.496246 0.027619 0.025526
51 0.570952 0.614114 0.056190 0.114114
51 0.499524 0.605856 0.025714 0.022523
51 0.416667 0.639640 0.021905 0.024024
51 0.333333 0.677177 0.040000 0.036036
51 0.213810 0.706456 0.039048 0.037538
51 0.020952 0.727477 0.026667 0.022523
51 0.080476 0.824324 0.018095 0.042042
51 0.023810 0.867117 0.020952 0.028529
51 0.033333 0.948949 0.028571 0.030030