56 0.421094 0.089683 0.060937 0.179367
56 0.827344 0.096131 0.082812 0.168816
56 0.525781 0.461313 0.235937 0.521688
56 0.114062 0.344080 0.228125 0.268464
56 0.221094 0.337632 0.185938 0.248535
56 0.799219 0.490621 0.089063 0.531067
56 0.947656 0.432005 0.104688 0.413834
56 0.171875 0.505862 0.343750 0.341149
56 0.075000 0.626026 0.150000 0.140680
56 0.689844 0.854631 0.129688 0.222743
56 0.961719 0.900938 0.073438 0.153576
56 0.274219 0.908558 0.164062 0.070340
56 0.175781 0.964830 0.195312 0.049238