54 0.485107 0.025879 0.029785 0.043294
54 0.428955 0.065104 0.011230 0.012370
54 0.529297 0.074707 0.013672 0.013997
54 0.634277 0.092936 0.015625 0.024414
54 0.558105 0.123698 0.009766 0.009115
54 0.491943 0.159017 0.020020 0.058268
54 0.521484 0.185384 0.025391 0.057617
54 0.537842 0.252116 0.009277 0.012044
54 0.392578 0.493001 0.049805 0.437826
54 0.485352 0.370931 0.034180 0.049154
54 0.522705 0.608398 0.062988 0.171875
54 0.560303 0.561523 0.032715 0.072266
54 0.454834 0.601400 0.017090 0.034180
54 0.404297 0.598633 0.011719 0.015625
54 0.591309 0.655436 0.008789 0.018555
54 0.454346 0.684570 0.008301 0.009766
54 0.532715 0.709961 0.029297 0.031250
54 0.434326 0.708984 0.023926 0.022135
54 0.459961 0.715495 0.014648 0.018880
54 0.538086 0.789876 0.029297 0.070638
54 0.431396 0.794596 0.015137 0.013672
54 0.505859 0.833008 0.018555 0.024089
54 0.400146 0.850586 0.007324 0.018229
54 0.437500 0.870117 0.033203 0.045573
54 0.552490 0.862467 0.023926 0.018555
54 0.505371 0.872233 0.009766 0.015299
54 0.562500 0.879069 0.010742 0.010091
54 0.463867 0.917318 0.018555 0.018229
54 0.440674 0.951335 0.009277 0.015299
54 0.519775 0.971354 0.081543 0.055339