51 0.408203 0.486142 0.417969 0.972283
51 0.916260 0.017141 0.011230 0.024070
51 0.574463 0.131291 0.015137 0.049599
51 0.715820 0.229759 0.068359 0.118162
51 0.708984 0.333698 0.021484 0.067834
51 0.887695 0.400073 0.035156 0.183078
51 0.125977 0.665208 0.198242 0.665208
51 0.271729 0.522611 0.013184 0.028446
51 0.854492 0.591904 0.013672 0.026988
51 0.884277 0.654267 0.032227 0.132750
51 0.285645 0.636032 0.016602 0.032093
51 0.652832 0.725018 0.021484 0.036470
51 0.709229 0.834427 0.021973 0.036470