56 0.595370 0.022661 0.014815 0.045322
56 0.421296 0.128655 0.011111 0.096491
56 0.635648 0.212719 0.013889 0.165205
56 0.535648 0.357456 0.050926 0.410819
56 0.957870 0.403509 0.082407 0.426901
56 0.486574 0.235380 0.019444 0.058480
56 0.352778 0.287281 0.031481 0.118421
56 0.399537 0.367690 0.041667 0.247076
56 0.302778 0.556287 0.122222 0.486842
56 0.025463 0.419591 0.030556 0.201754
56 0.496759 0.577485 0.082407 0.505848
56 0.636574 0.551170 0.015741 0.152047
56 0.116667 0.764620 0.101852 0.470760
56 0.707870 0.725146 0.025000 0.266082
56 0.427778 0.828216 0.050000 0.328947
56 0.515278 0.852339 0.062037 0.292398
56 0.175000 0.778509 0.031481 0.133041
56 0.234259 0.907895 0.064815 0.181287