53 0.655802 0.467405 0.490222 0.934811
53 0.247066 0.063885 0.040417 0.086050
53 0.926336 0.189048 0.087353 0.211213
53 0.260104 0.163625 0.024772 0.035202
53 0.092568 0.258801 0.086050 0.170795
53 0.906780 0.565189 0.186441 0.760104
53 0.265319 0.480443 0.178618 0.582790
53 0.284224 0.276402 0.018253 0.026076
53 0.920469 0.330508 0.036506 0.032595
53 0.326597 0.687744 0.113429 0.621904
53 0.769231 0.586050 0.166884 0.410691
53 0.135593 0.708605 0.083442 0.264668
53 0.098435 0.870274 0.022164 0.024772