55 0.331250 0.032031 0.016667 0.064062
55 0.589583 0.055469 0.037500 0.110937
55 0.622917 0.009375 0.020833 0.018750
55 0.625000 0.049219 0.020833 0.026562
55 0.673958 0.064844 0.018750 0.029687
55 0.452083 0.073438 0.012500 0.021875
55 0.580208 0.142187 0.035417 0.043750
55 0.558333 0.185938 0.033333 0.050000
55 0.641667 0.245312 0.020833 0.031250
55 0.557292 0.248438 0.022917 0.025000
55 0.609375 0.260156 0.022917 0.035937
55 0.542708 0.325781 0.022917 0.092188
55 0.650000 0.310937 0.020833 0.050000
55 0.369792 0.332813 0.027083 0.018750
55 0.622917 0.378906 0.025000 0.042188
55 0.373958 0.376563 0.035417 0.034375
55 0.458333 0.389844 0.016667 0.045312
55 0.450000 0.439844 0.020833 0.048438
55 0.546875 0.446875 0.035417 0.034375
55 0.358333 0.460156 0.020833 0.020313
55 0.400000 0.495312 0.033333 0.068750
55 0.377083 0.525781 0.020833 0.029687
55 0.460417 0.553906 0.037500 0.070312
55 0.529167 0.550781 0.029167 0.035937
55 0.534375 0.780469 0.106250 0.432812
55 0.377083 0.628125 0.037500 0.103125
55 0.557292 0.595313 0.039583 0.037500
55 0.351042 0.646875 0.010417 0.018750
55 0.423958 0.682031 0.018750 0.020313
55 0.368750 0.773438 0.050000 0.059375
55 0.400000 0.894531 0.066667 0.160938