55 0.893451 0.242345 0.054741 0.075570
55 0.899316 0.298697 0.043011 0.100977
55 0.861681 0.345603 0.012708 0.030619
55 0.267840 0.562215 0.535679 0.420847
55 0.545943 0.400977 0.014663 0.043648
55 0.855816 0.550489 0.047898 0.300977
55 0.535679 0.487948 0.037146 0.139414
55 0.877810 0.433225 0.015640 0.029967
55 0.507331 0.506189 0.019550 0.106840
55 0.516618 0.577850 0.020528 0.035179
55 0.519062 0.706515 0.058651 0.189577
55 0.536168 0.727687 0.006843 0.049511
55 0.527370 0.825407 0.014663 0.070358
55 0.494624 0.846906 0.025415 0.026059
55 0.492180 0.920847 0.014663 0.039739
55 0.516618 0.933876 0.008798 0.033225