49 0.550201 0.223550 0.044177 0.044992
49 0.498996 0.283603 0.038153 0.084902
49 0.556560 0.330008 0.060910 0.069654
49 0.302376 0.345256 0.063253 0.069654
49 0.375502 0.391190 0.071620 0.069654
49 0.485609 0.400038 0.019411 0.025979
49 0.546017 0.434676 0.052544 0.060241
49 0.326305 0.457078 0.090361 0.067395
49 0.486446 0.487105 0.071285 0.066077
49 0.392236 0.494729 0.092369 0.074172
49 0.568106 0.524096 0.050535 0.071913
49 0.350402 0.558264 0.071620 0.074360
49 0.490629 0.574736 0.054886 0.081325
49 0.816934 0.587726 0.079652 0.081325
49 0.415161 0.587726 0.067269 0.060241
49 0.578481 0.613046 0.033802 0.047252
49 0.501171 0.641190 0.092704 0.082455
49 0.745817 0.644767 0.063253 0.073042
49 0.357764 0.651826 0.077644 0.058923
49 0.777108 0.697101 0.062918 0.069654
49 0.591198 0.694183 0.021754 0.040098
49 0.513554 0.718279 0.071285 0.050640
49 0.729083 0.757624 0.121486 0.113140
49 0.375502 0.734752 0.071620 0.048569
49 0.649598 0.808264 0.079652 0.073230
49 0.404786 0.800075 0.037818 0.035392
49 0.723728 0.853633 0.086011 0.074360
49 0.623327 0.876600 0.086011 0.084902
49 0.594043 0.941265 0.044177 0.040286