56 0.958750 0.225417 0.072500 0.450833
56 0.989688 0.068333 0.020625 0.136667
56 0.369375 0.141667 0.063750 0.135000
56 0.237187 0.135417 0.050625 0.094167
56 0.275000 0.147500 0.038750 0.088333
56 0.050313 0.178333 0.064375 0.073333
56 0.397188 0.445417 0.434375 0.600833
56 0.408750 0.172917 0.017500 0.054167
56 0.938438 0.265000 0.021875 0.148333
56 0.286875 0.310000 0.063750 0.090000
56 0.472187 0.362917 0.021875 0.079167
56 0.121250 0.365417 0.036250 0.039167
56 0.849375 0.404583 0.092500 0.105833
56 0.270625 0.382083 0.012500 0.015833
56 0.190000 0.401667 0.041250 0.050000
56 0.073438 0.415833 0.036875 0.066667
56 0.275938 0.413750 0.035625 0.044167
56 0.780625 0.450417 0.058750 0.085833
56 0.751563 0.437917 0.000625 0.000833
56 0.867812 0.460417 0.063125 0.027500
56 0.838125 0.511667 0.056250 0.096667
56 0.786250 0.559167 0.040000 0.155000
56 0.305000 0.570000 0.132500 0.098333
56 0.285625 0.582917 0.157500 0.084167
56 0.815625 0.587500 0.013750 0.050000
56 0.315625 0.603750 0.078750 0.040833
56 0.210938 0.620833 0.005625 0.058333
56 0.814063 0.634167 0.061875 0.085000
56 0.200625 0.656667 0.015000 0.120000
56 0.473438 0.684167 0.263125 0.118333
56 0.011250 0.667917 0.022500 0.065833
56 0.219688 0.699167 0.019375 0.123333
56 0.711875 0.748333 0.207500 0.166667
56 0.741875 0.705417 0.032500 0.052500
56 0.182812 0.727917 0.029375 0.064167
56 0.692813 0.765417 0.158125 0.125833
56 0.948438 0.744167 0.048125 0.038333
56 0.658750 0.785000 0.091250 0.093333
56 0.860625 0.798333 0.065000 0.085000
56 0.277187 0.812500 0.066875 0.056667
56 0.880625 0.848750 0.070000 0.085833
56 0.611250 0.877500 0.047500 0.110000
56 0.465313 0.922500 0.034375 0.123333
56 0.252812 0.937083 0.040625 0.124167
56 0.046562 0.899583 0.066875 0.014167
56 0.609688 0.950833 0.038125 0.098333
56 0.045000 0.922083 0.011250 0.007500
56 0.069062 0.930000 0.023125 0.020000
56 0.738125 0.935417 0.082500 0.029167
56 0.712187 0.952500 0.083125 0.031667
56 0.763437 0.954583 0.070625 0.034167
56 0.634062 0.970417 0.020625 0.059167
56 0.701875 0.961667 0.072500 0.025000
56 0.364063 0.977917 0.040625 0.044167
56 0.720000 0.990833 0.041250 0.016667