56 0.339658 0.172152 0.041746 0.091139
56 0.937381 0.183544 0.121442 0.098734
56 0.750474 0.263291 0.187856 0.126582
56 0.592979 0.278481 0.081594 0.126582
56 0.351992 0.244304 0.028463 0.043038
56 0.385199 0.302532 0.022770 0.108861
56 0.790323 0.330380 0.051233 0.118987
56 0.525617 0.430380 0.201139 0.207595
56 0.269450 0.483544 0.185958 0.308861
56 0.402277 0.373418 0.022770 0.073418
56 0.776091 0.431646 0.034156 0.073418
56 0.989564 0.501266 0.020873 0.116456
56 0.112903 0.659494 0.142315 0.402532
56 0.740038 0.515190 0.026565 0.078481
56 0.676471 0.572152 0.062619 0.086076
56 0.948767 0.627848 0.049336 0.116456
56 0.979127 0.639241 0.037951 0.124051
56 0.587287 0.608861 0.001898 0.002532
56 0.669829 0.624051 0.159393 0.027848
56 0.609108 0.715190 0.106262 0.068354
56 0.393738 0.858228 0.134725 0.131646
56 0.950664 0.915190 0.094877 0.164557