56 0.275694 0.277365 0.098611 0.083488
56 0.286111 0.345083 0.138889 0.174397
56 0.293056 0.336735 0.033333 0.042672
56 0.322917 0.354360 0.023611 0.029685
56 0.356944 0.394249 0.030556 0.038961
56 0.386111 0.433210 0.033333 0.031540
56 0.503472 0.491651 0.145833 0.107607
56 0.436806 0.485158 0.112500 0.072356
56 0.557639 0.548237 0.043056 0.050093
56 0.490972 0.548237 0.043056 0.042672
56 0.521528 0.541744 0.020833 0.025974
56 0.503472 0.540816 0.020833 0.020408
56 0.588194 0.612245 0.079167 0.085343
56 0.556250 0.629870 0.093056 0.083488
56 0.621528 0.613173 0.015278 0.020408