56 0.406000 0.042934 0.034000 0.085868
56 0.094000 0.100179 0.100000 0.171735
56 0.597000 0.175313 0.014000 0.100179
56 0.415500 0.195886 0.017000 0.101968
56 0.655000 0.437388 0.066000 0.402504
56 0.597500 0.284436 0.013000 0.053667
56 0.433000 0.336315 0.020000 0.121646
56 0.409000 0.311270 0.032000 0.042934
56 0.861000 0.414132 0.048000 0.237925
56 0.156000 0.353309 0.040000 0.062612
56 0.214000 0.432916 0.056000 0.078712
56 0.084500 0.462433 0.011000 0.041145
56 0.235500 0.500000 0.049000 0.066190
56 0.306500 0.583184 0.073000 0.114490
56 0.080000 0.577818 0.010000 0.035778
56 0.237500 0.610018 0.021000 0.082290
56 0.161500 0.578712 0.033000 0.012522
56 0.463000 0.647585 0.010000 0.089445
56 0.082000 0.706619 0.012000 0.186047
56 0.616000 0.641324 0.058000 0.044723
56 0.581500 0.797853 0.023000 0.279070
56 0.439500 0.783542 0.013000 0.203936
56 0.654500 0.859571 0.037000 0.273703