55 0.709961 0.292318 0.464844 0.583333
55 0.480957 0.093424 0.028320 0.037109
55 0.411621 0.388997 0.041992 0.033203
55 0.278809 0.471680 0.043945 0.106120
55 0.289062 0.527995 0.015625 0.044271
55 0.024902 0.595052 0.049805 0.151042
55 0.708496 0.764323 0.581055 0.471354
55 0.264648 0.601237 0.023438 0.039714
55 0.446289 0.615885 0.013672 0.026042
55 0.088867 0.704753 0.134766 0.182943
55 0.435059 0.666667 0.014648 0.032552
55 0.458008 0.674805 0.011719 0.035807
55 0.431152 0.705729 0.008789 0.016927
55 0.074707 0.828451 0.059570 0.126953
55 0.423828 0.801107 0.011719 0.020182
55 0.214355 0.890625 0.096680 0.093750
55 0.172852 0.931966 0.091797 0.133464
55 0.284668 0.971354 0.045898 0.053385