56 0.324167 0.059119 0.041667 0.113208
56 0.305000 0.159119 0.033333 0.076730
56 0.323333 0.393082 0.108333 0.348428
56 0.404167 0.393082 0.063333 0.215094
56 0.209167 0.478616 0.040000 0.285535
56 0.652500 0.468553 0.200000 0.177358
56 0.796250 0.415094 0.080833 0.065409
56 0.720417 0.461006 0.080833 0.071698
56 0.848333 0.536478 0.103333 0.059119
56 0.349583 0.639623 0.022500 0.220126
56 0.577083 0.641509 0.112500 0.171069
56 0.172917 0.869811 0.054167 0.260377
56 0.037083 0.932704 0.072500 0.132075