55 0.300000 0.015625 0.015625 0.031250
55 0.364063 0.019792 0.012500 0.039583
55 0.516406 0.500000 0.226562 1.000000
55 0.234375 0.044792 0.009375 0.072917
55 0.274219 0.040625 0.017188 0.052083
55 0.299219 0.102083 0.042188 0.145833
55 0.338281 0.044792 0.010937 0.031250
55 0.270313 0.114583 0.012500 0.045833
55 0.248438 0.192708 0.015625 0.052083
55 0.295312 0.216667 0.040625 0.083333
55 0.394531 0.226042 0.020313 0.056250
55 0.321875 0.231250 0.015625 0.037500
55 0.249219 0.282292 0.017188 0.039583
55 0.351562 0.632292 0.084375 0.681250
55 0.248438 0.358333 0.015625 0.029167
55 0.234375 0.439583 0.012500 0.050000
55 0.285938 0.734375 0.021875 0.043750
55 0.306250 0.921875 0.015625 0.043750
55 0.298438 0.981250 0.028125 0.037500