56 0.727344 0.088542 0.098437 0.177083
56 0.637500 0.260417 0.062500 0.116667
56 0.736719 0.260417 0.054688 0.108333
56 0.576562 0.420833 0.075000 0.150000
56 0.928906 0.433333 0.039062 0.116667
56 0.060937 0.444792 0.062500 0.056250
56 0.677344 0.509375 0.039062 0.077083
56 0.290625 0.568750 0.062500 0.066667
56 0.100781 0.701042 0.070312 0.064583
56 0.378906 0.713542 0.051562 0.085417
56 0.214062 0.805208 0.118750 0.102083
56 0.952344 0.881250 0.092188 0.120833
56 0.180469 0.856250 0.023438 0.016667
56 0.207031 0.881250 0.029687 0.012500