54 0.708000 0.072000 0.040000 0.124000
54 0.547000 0.247000 0.110000 0.334000
54 0.400000 0.241000 0.064000 0.166000
54 0.126000 0.259000 0.124000 0.154000
54 0.989000 0.251000 0.022000 0.034000
54 0.959000 0.360000 0.054000 0.124000
54 0.486000 0.510000 0.100000 0.380000
54 0.184000 0.488000 0.284000 0.268000
54 0.211000 0.365000 0.022000 0.026000
54 0.541000 0.420000 0.026000 0.044000
54 0.063000 0.520000 0.030000 0.028000
54 0.608000 0.636000 0.088000 0.216000
54 0.160000 0.619000 0.140000 0.174000
54 0.066000 0.598000 0.028000 0.028000
54 0.150000 0.719000 0.084000 0.110000
54 0.994000 0.840000 0.012000 0.024000
54 0.301000 0.899000 0.022000 0.034000
54 0.981000 0.893000 0.018000 0.026000
54 0.291000 0.947000 0.190000 0.098000
54 0.986000 0.964000 0.024000 0.052000
54 0.091000 0.962000 0.030000 0.024000