53 0.807530 0.190181 0.100677 0.380361
53 0.166667 0.081828 0.062606 0.127540
53 0.233503 0.193567 0.060914 0.107223
53 0.603215 0.260722 0.091371 0.178330
53 0.351523 0.380361 0.435702 0.155756
53 0.364636 0.485892 0.040609 0.138826
53 0.823604 0.523138 0.066836 0.213318
53 0.090102 0.479120 0.100677 0.089165
53 0.570643 0.458804 0.000846 0.001129
53 0.702200 0.534424 0.032149 0.082393
53 0.376481 0.686795 0.409475 0.378104
53 0.034264 0.535553 0.068528 0.068849
53 0.329949 0.605530 0.079526 0.057562