55 0.897260 0.239896 0.052838 0.075619
55 0.902153 0.301173 0.043053 0.106910
55 0.269080 0.560626 0.538160 0.419817
55 0.538160 0.467405 0.035225 0.178618
55 0.515656 0.499348 0.025440 0.195567
55 0.858121 0.548892 0.056751 0.289439
55 0.524462 0.658409 0.054795 0.086050
55 0.508806 0.752282 0.039139 0.101695
55 0.540117 0.730117 0.015656 0.044329
55 0.529354 0.822686 0.013699 0.062581
55 0.493151 0.846154 0.027397 0.020860
55 0.493151 0.921121 0.019569 0.037810
55 0.519569 0.936115 0.009785 0.033898