55 0.303750 0.083529 0.039167 0.164706
55 0.545833 0.422353 0.105000 0.844706
55 0.582917 0.057647 0.054167 0.115294
55 0.451250 0.529412 0.137500 0.941176
55 0.647917 0.202941 0.007500 0.031765
55 0.807917 0.370588 0.032500 0.367059
55 0.608750 0.291176 0.027500 0.062353
55 0.187500 0.792353 0.308333 0.412941
55 0.328333 0.782353 0.056667 0.378824
55 0.952500 0.721176 0.058333 0.223529
55 0.970417 0.747059 0.057500 0.256471
55 0.877500 0.791176 0.126667 0.274118
55 0.790417 0.854706 0.049167 0.236471
55 0.572083 0.940588 0.070833 0.118824
55 0.917917 0.967647 0.030833 0.038824