50 0.037500 0.017284 0.032407 0.034568
50 0.678241 0.050926 0.041667 0.099383
50 0.524074 0.104012 0.035185 0.145062
50 0.835648 0.118519 0.037963 0.069136
50 0.240278 0.145988 0.076852 0.098148
50 0.462037 0.126852 0.031481 0.061111
50 0.744444 0.147840 0.051852 0.048765
50 0.967593 0.187654 0.057407 0.102469
50 0.165278 0.211728 0.050926 0.145679
50 0.223148 0.266667 0.064815 0.219753
50 0.438889 0.273765 0.137037 0.233951
50 0.876852 0.200309 0.050000 0.080864
50 0.642593 0.192593 0.059259 0.051852
50 0.726852 0.209877 0.033333 0.051852
50 0.301389 0.235494 0.041667 0.073457
50 0.793056 0.290123 0.049074 0.082716
50 0.310185 0.313580 0.044444 0.085185
50 0.037500 0.313580 0.043519 0.071605
50 0.088889 0.325309 0.061111 0.076543
50 0.550926 0.389198 0.057407 0.146296
50 0.773148 0.364506 0.031481 0.057407
50 0.160185 0.617593 0.190741 0.362346
50 0.837500 0.603395 0.112037 0.240123
50 0.575926 0.561111 0.070370 0.120988
50 0.398611 0.676235 0.195370 0.287037
50 0.576852 0.692901 0.057407 0.069753
50 0.685185 0.697222 0.074074 0.057407
50 0.075463 0.767284 0.065741 0.158025