56 0.667500 0.084222 0.088333 0.164179
56 0.366667 0.470149 0.536667 0.927505
56 0.744167 0.110874 0.025000 0.119403
56 0.146667 0.158849 0.080000 0.027719
56 0.278333 0.168443 0.080000 0.025586
56 0.415833 0.183369 0.058333 0.029851
56 0.612500 0.256930 0.125000 0.168443
56 0.177500 0.195096 0.058333 0.023454
56 0.695833 0.271855 0.028333 0.172708
56 0.242500 0.296375 0.065000 0.085288
56 0.733333 0.314499 0.030000 0.091684
56 0.550000 0.388060 0.060000 0.123667
56 0.618333 0.433902 0.020000 0.100213
56 0.647500 0.449893 0.028333 0.098081
56 0.727500 0.800640 0.535000 0.390192
56 0.270833 0.700426 0.051667 0.074627
56 0.298333 0.797441 0.120000 0.093817
56 0.310833 0.785714 0.001667 0.002132
56 0.290833 0.917910 0.231667 0.159915