55 0.555990 0.041992 0.048438 0.069922
55 0.556250 0.131250 0.012500 0.011719
55 0.575000 0.148438 0.007292 0.010156
55 0.563021 0.158789 0.011458 0.020703
55 0.536719 0.171680 0.019271 0.030078
55 0.549740 0.184180 0.008854 0.010547
55 0.542969 0.276953 0.022396 0.105469
55 0.492969 0.246875 0.009896 0.025781
55 0.560417 0.270898 0.010417 0.023047
55 0.529687 0.532031 0.083333 0.516406
55 0.504427 0.328516 0.008854 0.010937
55 0.486198 0.693750 0.011979 0.015625
55 0.479948 0.728711 0.010937 0.012891
55 0.487240 0.753125 0.015104 0.020313
55 0.498958 0.792383 0.019792 0.041016
55 0.502604 0.838281 0.013542 0.025781
55 0.528646 0.965625 0.015625 0.016406
55 0.517448 0.986523 0.019271 0.020703