56 0.381667 0.247188 0.028333 0.105625
56 0.739583 0.280000 0.045833 0.150000
56 0.527500 0.257188 0.013333 0.024375
56 0.670417 0.301875 0.015833 0.096250
56 0.108750 0.286250 0.020833 0.060000
56 0.522083 0.299687 0.020833 0.049375
56 0.367917 0.520625 0.034167 0.095000
56 0.410000 0.559688 0.075000 0.139375
56 0.765000 0.540625 0.051667 0.011250
56 0.932917 0.587812 0.132500 0.059375
56 0.477500 0.746250 0.065000 0.071250
56 0.340833 0.806875 0.165000 0.073750
56 0.444167 0.840313 0.061667 0.059375
56 0.324167 0.839688 0.046667 0.010625
56 0.422500 0.849688 0.050000 0.029375
56 0.500000 0.925937 0.085000 0.008125
56 0.574167 0.954688 0.080000 0.018125
56 0.437083 0.978750 0.035833 0.042500