53 0.572308 0.165476 0.169231 0.140476
53 0.660000 0.275000 0.055385 0.111905
53 0.502308 0.354762 0.103077 0.238095
53 0.559231 0.365476 0.020000 0.045238
53 0.966923 0.478571 0.066154 0.147619
53 0.612308 0.446429 0.021538 0.050000
53 0.899231 0.452381 0.032308 0.047619
53 0.394615 0.482143 0.020000 0.050000
53 0.863077 0.544048 0.021538 0.054762
53 0.560769 0.588095 0.023077 0.052381
53 0.716923 0.594048 0.024615 0.035714
53 0.437692 0.614286 0.016923 0.038095
53 0.353077 0.638095 0.023077 0.052381
53 0.422308 0.765476 0.026154 0.059524
53 0.358462 0.820238 0.015385 0.035714
53 0.283077 0.927381 0.024615 0.050000