50 0.303241 0.176736 0.032407 0.035417
50 0.979630 0.193750 0.038889 0.056944
50 0.862500 0.269097 0.039815 0.036806
50 0.617593 0.287500 0.031481 0.045833
50 0.493519 0.317361 0.042593 0.070833
50 0.685648 0.307639 0.025000 0.043056
50 0.763426 0.355556 0.032407 0.048611
50 0.459722 0.538194 0.043519 0.072222
50 0.243981 0.538889 0.030556 0.038889
50 0.378241 0.567014 0.030556 0.038194
50 0.185185 0.592708 0.048148 0.056250
50 0.319444 0.638542 0.042593 0.064583
50 0.387963 0.761806 0.083333 0.088889
50 0.775926 0.771528 0.048148 0.077778
50 0.823611 0.832986 0.041667 0.067361
50 0.882870 0.885069 0.104630 0.075694