58 0.377500 0.024390 0.030000 0.041276
58 0.320000 0.044090 0.040000 0.028143
58 0.270625 0.060976 0.013750 0.016886
58 0.445000 0.112570 0.027500 0.048780
58 0.291250 0.100375 0.017500 0.020638
58 0.345625 0.133208 0.056250 0.067542
58 0.533750 0.139775 0.022500 0.043152
58 0.481250 0.130394 0.012500 0.016886
58 0.409375 0.149156 0.013750 0.043152
58 0.324375 0.150094 0.008750 0.015009
58 0.580000 0.166979 0.035000 0.033771
58 0.973750 0.170732 0.032500 0.041276
58 0.473125 0.160413 0.016250 0.013133
58 0.441250 0.190432 0.027500 0.050657
58 0.501875 0.193246 0.016250 0.022514
58 0.543750 0.236398 0.060000 0.071295
58 0.394375 0.227017 0.016250 0.030019
58 0.371875 0.224203 0.016250 0.016886
58 0.577500 0.222326 0.012500 0.013133
58 0.300000 0.253283 0.032500 0.041276
58 0.972500 0.264540 0.045000 0.052533
58 0.592500 0.252345 0.012500 0.024390
58 0.647500 0.249531 0.022500 0.015009
58 0.581250 0.280488 0.010000 0.016886
58 0.713125 0.287992 0.016250 0.024390
58 0.621875 0.291745 0.023750 0.028143
58 0.672500 0.288931 0.010000 0.018762
58 0.448750 0.295497 0.015000 0.020638
58 0.485000 0.296435 0.012500 0.018762
58 0.557500 0.312383 0.030000 0.046904
58 0.430625 0.333959 0.018750 0.078799
58 0.365625 0.309568 0.018750 0.026266
58 0.318125 0.323640 0.016250 0.035647
58 0.496250 0.312383 0.012500 0.016886
58 0.598750 0.314259 0.010000 0.016886
58 0.728750 0.326454 0.010000 0.011257
58 0.410000 0.352720 0.037500 0.045028
58 0.682500 0.359287 0.042500 0.058161
58 0.340000 0.370544 0.045000 0.054409
58 0.531875 0.356473 0.018750 0.022514
58 0.446250 0.358349 0.015000 0.011257
58 0.702500 0.365854 0.015000 0.015009
58 0.754375 0.382739 0.013750 0.018762
58 0.554375 0.402439 0.028750 0.050657
58 0.721250 0.392120 0.025000 0.030019
58 0.429375 0.393996 0.011250 0.026266
58 0.650000 0.420263 0.032500 0.037523
58 0.371250 0.415572 0.015000 0.020638
58 0.355000 0.423077 0.010000 0.016886
58 0.495625 0.425891 0.016250 0.026266
58 0.275625 0.430582 0.013750 0.024390
58 0.438125 0.425891 0.008750 0.015009
58 0.680625 0.427767 0.008750 0.015009
58 0.724375 0.430582 0.013750 0.016886
58 0.600625 0.466229 0.068750 0.076923
58 0.319375 0.460600 0.021250 0.046904
58 0.448125 0.455910 0.006250 0.011257
58 0.749375 0.468105 0.023750 0.035647
58 0.403125 0.485929 0.028750 0.056285
58 0.503750 0.470919 0.027500 0.022514
58 0.476875 0.490619 0.018750 0.035647
58 0.288125 0.488743 0.013750 0.016886
58 0.545625 0.495310 0.018750 0.018762
58 0.454375 0.504690 0.026250 0.026266
58 0.526250 0.502814 0.015000 0.018762
58 0.370000 0.505629 0.010000 0.020638
58 0.563750 0.560976 0.060000 0.120075
58 0.701875 0.515947 0.043750 0.030019
58 0.748125 0.519700 0.016250 0.022514
58 0.633750 0.546904 0.065000 0.073171
58 0.344375 0.526266 0.018750 0.024390
58 0.542500 0.542214 0.010000 0.011257
58 0.382500 0.563790 0.025000 0.043152
58 0.435625 0.562852 0.011250 0.045028
58 0.478125 0.564728 0.008750 0.018762
58 0.496250 0.568480 0.017500 0.026266
58 0.588125 0.570356 0.016250 0.030019
58 0.685000 0.577861 0.035000 0.033771
58 0.725000 0.588180 0.015000 0.020638
58 0.416875 0.616323 0.023750 0.035647
58 0.489375 0.638837 0.021250 0.039400
58 0.400000 0.648218 0.020000 0.035647
58 0.473750 0.649156 0.022500 0.030019
58 0.525625 0.696060 0.101250 0.101313
58 0.440625 0.809568 0.043750 0.046904
58 0.450000 0.859287 0.015000 0.018762
58 0.500625 0.861163 0.016250 0.015009
58 0.431250 0.875235 0.020000 0.024390
58 0.481875 0.895872 0.018750 0.035647
58 0.444375 0.914634 0.038750 0.058161
58 0.400625 0.904315 0.016250 0.022514
58 0.060000 0.945591 0.020000 0.033771
58 0.563125 0.970919 0.016250 0.016886
58 0.505625 0.985929 0.011250 0.028143