57 0.637917 0.225000 0.380833 0.450000
57 0.500000 0.518750 1.000000 0.962500
57 0.556667 0.389375 0.001667 0.001250
57 0.533333 0.391875 0.003333 0.001250
57 0.544583 0.390625 0.002500 0.001250
57 0.509583 0.394375 0.004167 0.001250
57 0.521667 0.393125 0.003333 0.001250
57 0.485833 0.396875 0.005000 0.001250
57 0.497917 0.395625 0.004167 0.001250
57 0.462917 0.399375 0.005833 0.001250
57 0.474167 0.398125 0.005000 0.001250
57 0.439167 0.401875 0.006667 0.001250
57 0.450833 0.400625 0.006667 0.001250
57 0.417083 0.404375 0.004167 0.001250
57 0.428333 0.403125 0.005000 0.001250
57 0.395833 0.406875 0.001667 0.001250
57 0.406667 0.405625 0.003333 0.001250
57 0.373750 0.409375 0.002500 0.001250
57 0.384583 0.408125 0.000833 0.001250
57 0.350417 0.411875 0.002500 0.001250
57 0.362083 0.410625 0.002500 0.001250
57 0.327083 0.414375 0.000833 0.001250
57 0.338750 0.413125 0.000833 0.001250