57 0.582500 0.639333 0.835000 0.721333
57 0.319500 0.620667 0.001000 0.001333
57 0.321500 0.619333 0.001000 0.001333
57 0.314500 0.623333 0.001000 0.001333
57 0.317000 0.622000 0.002000 0.001333
57 0.310500 0.626000 0.001000 0.001333
57 0.312500 0.624667 0.001000 0.001333
57 0.305500 0.628667 0.001000 0.001333
57 0.307500 0.627333 0.001000 0.001333
57 0.302000 0.630667 0.004000 0.002667
57 0.294000 0.635333 0.006000 0.004000
57 0.298500 0.632667 0.001000 0.001333
57 0.286000 0.640000 0.008000 0.005333
57 0.319000 0.820667 0.326000 0.356000