58 0.697500 0.114375 0.028333 0.031250
58 0.735000 0.250000 0.020000 0.022500
58 0.775833 0.335625 0.048333 0.103750
58 0.260000 0.297500 0.026667 0.022500
58 0.770000 0.420000 0.020000 0.037500
58 0.721667 0.430000 0.026667 0.020000
58 0.926667 0.463125 0.016667 0.013750
58 0.402500 0.503125 0.035000 0.041250
58 0.985000 0.510000 0.020000 0.015000
58 0.406667 0.543125 0.016667 0.016250
58 0.981667 0.592500 0.013333 0.012500
58 0.325833 0.629375 0.058333 0.071250
58 0.918333 0.667500 0.020000 0.020000
58 0.236667 0.705000 0.030000 0.040000
58 0.728333 0.695625 0.020000 0.011250
58 0.511667 0.743125 0.043333 0.036250
58 0.045833 0.746250 0.025000 0.015000
58 0.633333 0.829375 0.050000 0.043750
58 0.457500 0.831250 0.015000 0.017500
58 0.480833 0.841250 0.021667 0.020000