58 0.505777 0.110475 0.034664 0.050736
58 0.379727 0.144845 0.053571 0.109656
58 0.429622 0.129296 0.044118 0.058920
58 0.198529 0.139935 0.025210 0.040917
58 0.654937 0.173486 0.036765 0.055646
58 0.242647 0.166939 0.027311 0.036007
58 0.565126 0.184124 0.077731 0.070376
58 0.241597 0.253682 0.039916 0.052373
58 0.105567 0.378069 0.032563 0.072013
58 0.325630 0.373159 0.042017 0.062193
58 0.741071 0.484452 0.032563 0.160393
58 0.392857 0.469722 0.018908 0.022913
58 0.755252 0.471358 0.010504 0.026187
58 0.561450 0.527823 0.024160 0.034370
58 0.787815 0.536825 0.025210 0.032733
58 0.674895 0.644026 0.013655 0.040917
58 0.940651 0.665303 0.028361 0.044190
58 0.257353 0.786416 0.033613 0.054010
58 0.498950 0.803601 0.039916 0.062193