58 0.080822 0.023006 0.019178 0.013292
58 0.123288 0.047035 0.019178 0.008180
58 0.150685 0.049591 0.013699 0.007157
58 0.093151 0.067996 0.010959 0.009202
58 0.348630 0.267382 0.031507 0.021472
58 0.286986 0.388037 0.031507 0.019427
58 0.357534 0.426380 0.024658 0.012270
58 0.456849 0.460123 0.017808 0.012270
58 0.450685 0.484663 0.041096 0.026585
58 0.217123 0.498978 0.026027 0.024540
58 0.356164 0.494376 0.016438 0.011247
58 0.564384 0.500511 0.038356 0.017382
58 0.370548 0.514315 0.023288 0.014315
58 0.595205 0.530675 0.072603 0.040900
58 0.267808 0.517894 0.012329 0.011247
58 0.221918 0.529652 0.016438 0.010225
58 0.280137 0.532720 0.012329 0.012270
58 0.355479 0.546012 0.028767 0.024540
58 0.463014 0.546012 0.024658 0.016360
58 0.475342 0.582822 0.019178 0.012270
58 0.432877 0.613497 0.013699 0.010225
58 0.717808 0.618098 0.021918 0.015337
58 0.557534 0.633436 0.024658 0.017382
58 0.240411 0.642638 0.028767 0.021472
58 0.147260 0.655419 0.034247 0.026585
58 0.089726 0.660020 0.053425 0.029652
58 0.210274 0.656953 0.036986 0.023517
58 0.428082 0.667178 0.050685 0.043967
58 0.489041 0.660532 0.038356 0.022495
58 0.357534 0.673313 0.013699 0.015337
58 0.088356 0.687117 0.023288 0.018405
58 0.324658 0.687117 0.019178 0.020450
58 0.129452 0.694274 0.012329 0.010225
58 0.495890 0.705521 0.013699 0.014315
58 0.112329 0.709100 0.013699 0.011247
58 0.371233 0.720859 0.013699 0.012270
58 0.326027 0.735685 0.024658 0.023517
58 0.268493 0.733640 0.010959 0.009202
58 0.717123 0.740798 0.026027 0.023517
58 0.335616 0.750511 0.008219 0.010225
58 0.622603 0.753579 0.012329 0.008180
58 0.406849 0.763804 0.013699 0.016360
58 0.552055 0.776074 0.027397 0.020450
58 0.606164 0.776074 0.015068 0.014315
58 0.673973 0.776585 0.013699 0.011247
58 0.445205 0.802658 0.016438 0.012270
58 0.267808 0.866053 0.015068 0.014315
58 0.417808 0.898262 0.038356 0.035787