58 0.826562 0.029167 0.018125 0.026667
58 0.410000 0.091667 0.020000 0.021667
58 0.395625 0.098333 0.010000 0.015000
58 0.403438 0.140417 0.010625 0.014167
58 0.446875 0.137917 0.005000 0.007500
58 0.297500 0.144583 0.012500 0.015833
58 0.347813 0.150417 0.016875 0.020833
58 0.495937 0.157500 0.008125 0.006667
58 0.633125 0.159583 0.012500 0.010833
58 0.415312 0.166667 0.009375 0.015000
58 0.273750 0.169583 0.005000 0.010833
58 0.491563 0.173333 0.018125 0.020000
58 0.637813 0.170000 0.006875 0.006667
58 0.617812 0.175833 0.010625 0.013333
58 0.531875 0.192083 0.018750 0.019167
58 0.626875 0.186667 0.008750 0.008333
58 0.344687 0.195417 0.009375 0.010833
58 0.331250 0.195833 0.008750 0.008333
58 0.546875 0.200417 0.015000 0.014167
58 0.335938 0.212500 0.010625 0.010000
58 0.623750 0.214583 0.007500 0.009167
58 0.270625 0.216250 0.008750 0.009167
58 0.525937 0.226250 0.009375 0.020833
58 0.604688 0.218750 0.006875 0.007500
58 0.253125 0.227917 0.010000 0.017500
58 0.608125 0.230833 0.012500 0.013333
58 0.567500 0.233750 0.013750 0.017500
58 0.322813 0.267083 0.014375 0.020833
58 0.540000 0.263750 0.020000 0.014167
58 0.280313 0.300417 0.011875 0.015833
58 0.597500 0.311667 0.010000 0.016667
58 0.700937 0.326250 0.038125 0.039167
58 0.266250 0.318750 0.007500 0.010833
58 0.582187 0.324583 0.015625 0.019167
58 0.566250 0.337500 0.015000 0.020000
58 0.795312 0.359167 0.008125 0.008333
58 0.819375 0.364167 0.006250 0.008333
58 0.799375 0.375000 0.007500 0.006667
58 0.816250 0.375417 0.003750 0.005833
58 0.823125 0.397083 0.007500 0.007500
58 0.732500 0.403750 0.007500 0.007500
58 0.868437 0.410833 0.014375 0.020000
58 0.743125 0.425000 0.010000 0.011667
58 0.919687 0.431667 0.008125 0.010000
58 0.860313 0.440417 0.010625 0.024167
58 0.913125 0.436250 0.006250 0.007500
58 0.679375 0.442500 0.013750 0.018333
58 0.881875 0.437500 0.006250 0.006667
58 0.901563 0.438333 0.005625 0.006667
58 0.897813 0.450417 0.006875 0.007500
58 0.844063 0.456250 0.005625 0.009167
58 0.607500 0.459167 0.011250 0.011667
58 0.616250 0.476250 0.010000 0.009167
58 0.572500 0.480833 0.010000 0.013333
58 0.934063 0.483333 0.006875 0.010000
58 0.712812 0.486667 0.006875 0.008333
58 0.750938 0.486667 0.010625 0.010000
58 0.419375 0.497500 0.011250 0.010000
58 0.708438 0.500000 0.008125 0.010000
58 0.830937 0.512917 0.009375 0.012500
58 0.535937 0.515833 0.013125 0.008333
58 0.627500 0.517083 0.010000 0.009167
58 0.500938 0.522917 0.009375 0.007500
58 0.790625 0.524167 0.008750 0.010000
58 0.474062 0.528333 0.008125 0.008333
58 0.653125 0.529583 0.007500 0.005833
58 0.955625 0.540417 0.016250 0.025833
58 0.483125 0.531250 0.007500 0.005833
58 0.571250 0.532917 0.008750 0.009167
58 0.764687 0.555000 0.010625 0.016667
58 0.838125 0.560000 0.012500 0.008333
58 0.234375 0.613750 0.011250 0.015833
58 0.582812 0.625417 0.009375 0.014167
58 0.945312 0.628750 0.010625 0.009167
58 0.609688 0.642917 0.011875 0.020833
58 0.912500 0.635833 0.007500 0.008333
58 0.978125 0.646667 0.008750 0.008333
58 0.585625 0.662083 0.031250 0.032500
58 0.229687 0.658333 0.013125 0.018333
58 0.450937 0.659583 0.015625 0.017500
58 0.321562 0.664583 0.009375 0.012500
58 0.694063 0.665000 0.008125 0.011667
58 0.880313 0.671667 0.008125 0.010000
58 0.465313 0.675417 0.006875 0.009167
58 0.631250 0.678333 0.010000 0.013333
58 0.307500 0.681667 0.007500 0.011667
58 0.930937 0.681667 0.009375 0.006667
58 0.952812 0.689167 0.006875 0.005000
58 0.715625 0.701250 0.011250 0.017500
58 0.410625 0.723333 0.006250 0.011667
58 0.425000 0.727083 0.007500 0.007500
58 0.357187 0.739583 0.008125 0.012500
58 0.432500 0.764167 0.022500 0.035000
58 0.384688 0.758750 0.005625 0.010833
58 0.366875 0.767500 0.011250 0.016667