57 0.822863 0.185523 0.052461 0.133269
57 0.323834 0.327421 0.088083 0.112176
57 0.715350 0.647651 0.569301 0.566635
57 0.283355 0.523490 0.218264 0.241611
57 0.314443 0.740652 0.424223 0.344199
57 0.784326 0.606903 0.044041 0.047939
57 0.804080 0.614094 0.000648 0.000959
57 0.806671 0.615053 0.000648 0.000959
57 0.808938 0.616012 0.001295 0.000959
57 0.811528 0.616970 0.001295 0.000959
57 0.814119 0.617929 0.001295 0.000959
57 0.816710 0.618888 0.001295 0.000959
57 0.819301 0.619847 0.001295 0.000959
57 0.821891 0.620805 0.001295 0.000959
57 0.824158 0.621764 0.001943 0.000959
57 0.826749 0.622723 0.001943 0.000959
57 0.829339 0.623682 0.001943 0.000959
57 0.831606 0.624640 0.001295 0.000959
57 0.834197 0.625599 0.001295 0.000959
57 0.836788 0.626558 0.001295 0.000959
57 0.839054 0.627517 0.001943 0.000959
57 0.841645 0.628476 0.001943 0.000959
57 0.844236 0.629434 0.001943 0.000959
57 0.846826 0.630393 0.001943 0.000959
57 0.849417 0.631352 0.001943 0.000959
57 0.516516 0.734899 0.001943 0.000959
57 0.519106 0.735858 0.001943 0.000959
57 0.525259 0.738255 0.009067 0.003835
57 0.531412 0.740652 0.001943 0.000959