58 0.635000 0.258125 0.040000 0.016250
58 0.223333 0.270000 0.016667 0.015000
58 0.246667 0.307500 0.013333 0.015000
58 0.283333 0.335625 0.020000 0.028750
58 0.587500 0.334375 0.025000 0.028750
58 0.128333 0.341250 0.016667 0.017500
58 0.173333 0.341875 0.016667 0.018750
58 0.675833 0.346875 0.018333 0.023750
58 0.733333 0.341875 0.020000 0.011250
58 0.560000 0.358125 0.023333 0.016250
58 0.293333 0.386250 0.036667 0.047500
58 0.219167 0.378750 0.028333 0.017500
58 0.562500 0.381250 0.038333 0.017500
58 0.624167 0.384375 0.035000 0.018750
58 0.357500 0.424375 0.028333 0.021250
58 0.228333 0.503125 0.043333 0.048750
58 0.611667 0.515000 0.030000 0.017500
58 0.445000 0.516875 0.016667 0.008750
58 0.424167 0.536250 0.018333 0.007500
58 0.663333 0.571875 0.040000 0.028750
58 0.724167 0.597500 0.031667 0.020000
58 0.435000 0.628750 0.090000 0.052500
58 0.346667 0.663750 0.030000 0.020000
58 0.519167 0.672500 0.035000 0.020000
58 0.333333 0.699375 0.026667 0.018750
58 0.416667 0.709375 0.020000 0.008750
58 0.539167 0.716875 0.015000 0.018750
58 0.438333 0.724375 0.016667 0.011250
58 0.429167 0.795000 0.048333 0.035000