57 0.560677 0.603472 0.347396 0.295833
57 0.369010 0.710417 0.094271 0.190278
57 0.383854 0.656944 0.005208 0.004167
57 0.378646 0.660764 0.004167 0.003472
57 0.373437 0.664583 0.003125 0.002778
57 0.375781 0.662847 0.000521 0.000694
57 0.371094 0.666319 0.000521 0.000694
57 0.368229 0.668403 0.002083 0.002083
57 0.370052 0.667014 0.000521 0.000694
57 0.365365 0.670486 0.000521 0.000694
57 0.366406 0.669792 0.000521 0.000694
57 0.362500 0.672569 0.002083 0.002083
57 0.364323 0.671181 0.000521 0.000694
57 0.359635 0.674653 0.000521 0.000694
57 0.360677 0.673958 0.000521 0.000694
57 0.357292 0.676389 0.001042 0.001389
57 0.358594 0.675347 0.000521 0.000694
57 0.355990 0.677431 0.000521 0.000694