58 0.551051 0.303000 0.027027 0.038000
58 0.619369 0.327000 0.013514 0.034000
58 0.348348 0.327000 0.015015 0.030000
58 0.340090 0.395000 0.055556 0.126000
58 0.703453 0.381000 0.016517 0.050000
58 0.588589 0.443000 0.066066 0.118000
58 0.674174 0.424000 0.012012 0.024000
58 0.207958 0.464000 0.019520 0.040000
58 0.890390 0.487000 0.057057 0.050000
58 0.753003 0.503000 0.076577 0.074000
58 0.183934 0.495000 0.022523 0.026000
58 0.257508 0.517000 0.043544 0.050000
58 0.584084 0.566000 0.060060 0.064000
58 0.137387 0.575000 0.040541 0.078000
58 0.063063 0.557000 0.033033 0.034000
58 0.222222 0.576000 0.021021 0.020000
58 0.701952 0.609000 0.019520 0.038000
58 0.417417 0.625000 0.063063 0.050000
58 0.554805 0.644000 0.019520 0.036000
58 0.460961 0.677000 0.018018 0.030000
58 0.494745 0.723000 0.037538 0.050000
58 0.652402 0.773000 0.046547 0.146000
58 0.295045 0.767000 0.082583 0.078000
58 0.554054 0.772000 0.030030 0.032000
58 0.356607 0.822000 0.025526 0.024000
58 0.225976 0.842000 0.031532 0.052000
58 0.402402 0.909000 0.090090 0.170000
58 0.310060 0.909000 0.052553 0.070000
58 0.554054 0.940000 0.165165 0.120000