58 0.080729 0.375488 0.159722 0.130859
58 0.075087 0.322510 0.016493 0.017090
58 0.187934 0.344727 0.018229 0.012695
58 0.150174 0.352295 0.029514 0.021973
58 0.177951 0.367676 0.029514 0.021484
58 0.202691 0.431152 0.033854 0.032227
58 0.095052 0.463135 0.025174 0.014160
58 0.261719 0.471436 0.018229 0.025879
58 0.214844 0.488281 0.030382 0.019531
58 0.137153 0.509277 0.029514 0.044922
58 0.119792 0.535400 0.029514 0.031738
58 0.008247 0.527344 0.013021 0.005859
58 0.509983 0.769043 0.865451 0.461914
58 0.184028 0.553711 0.019097 0.023438
58 0.096354 0.556396 0.010417 0.006348
58 0.174479 0.575928 0.012153 0.016113
58 0.148872 0.581543 0.028646 0.023438
58 0.076823 0.591064 0.021701 0.012207
58 0.031684 0.614746 0.007812 0.010742
58 0.068142 0.616211 0.014757 0.010742
58 0.137153 0.623047 0.017361 0.014648
58 0.929253 0.714111 0.141493 0.182129
58 0.093750 0.706543 0.187500 0.111328