58 0.580078 0.105727 0.177734 0.211454
58 0.758789 0.143906 0.193359 0.170338
58 0.105957 0.234214 0.178711 0.251101
58 0.663574 0.228341 0.004883 0.016153
58 0.668945 0.239354 0.007812 0.011747
58 0.746094 0.247430 0.005859 0.010279
58 0.710938 0.259178 0.009766 0.019090
58 0.762207 0.260646 0.012695 0.022026
58 0.792480 0.269457 0.012695 0.019090
58 0.669434 0.381057 0.204102 0.239354
58 0.775391 0.339207 0.013672 0.023495
58 0.721680 0.343612 0.021484 0.020558
58 0.812012 0.355360 0.006836 0.017621
58 0.830078 0.353157 0.013672 0.013216
58 0.837402 0.447137 0.020508 0.022026
58 0.801758 0.457416 0.027344 0.036711
58 0.836914 0.488987 0.011719 0.023495
58 0.883789 0.488987 0.009766 0.011747
58 0.871094 0.497797 0.009766 0.011747
58 0.802246 0.802496 0.204102 0.383260
58 0.075684 0.809838 0.151367 0.380323
58 0.480469 0.850954 0.406250 0.298091