57 0.149342 0.092702 0.164474 0.185404
57 0.912500 0.085799 0.175000 0.171598
57 0.732895 0.064103 0.155263 0.112426
57 0.512500 0.253452 0.335526 0.353057
57 0.611184 0.452663 0.453947 0.321499
57 0.074342 0.483235 0.148684 0.374753
57 0.884868 0.450690 0.230263 0.203156
57 0.803289 0.814596 0.311842 0.370809
57 0.475000 0.832347 0.260526 0.327416
57 0.055921 0.671598 0.001316 0.001972
57 0.157237 0.740631 0.061842 0.104536
57 0.059868 0.712032 0.027632 0.039448
57 0.093421 0.708087 0.026316 0.027613
57 0.080921 0.805720 0.082895 0.092702
57 0.019737 0.836292 0.036842 0.055227