58 0.475000 0.029375 0.026667 0.018750
58 0.092500 0.233750 0.038333 0.025000
58 0.196667 0.249375 0.020000 0.013750
58 0.394167 0.286875 0.021667 0.016250
58 0.318333 0.295000 0.053333 0.027500
58 0.518333 0.336875 0.033333 0.023750
58 0.334167 0.338125 0.031667 0.018750
58 0.562500 0.348125 0.018333 0.016250
58 0.450833 0.386875 0.021667 0.013750
58 0.580833 0.406250 0.038333 0.047500
58 0.400000 0.396250 0.013333 0.010000
58 0.338333 0.410000 0.016667 0.017500
58 0.525000 0.426875 0.023333 0.016250
58 0.432500 0.427500 0.015000 0.015000
58 0.486667 0.433750 0.020000 0.010000
58 0.397500 0.456250 0.021667 0.015000
58 0.560833 0.507500 0.035000 0.040000
58 0.725000 0.498750 0.036667 0.022500
58 0.319167 0.509375 0.028333 0.023750
58 0.235833 0.516250 0.021667 0.015000
58 0.694167 0.541250 0.025000 0.015000
58 0.730833 0.553750 0.035000 0.020000
58 0.655000 0.556875 0.023333 0.021250
58 0.684167 0.556250 0.028333 0.015000
58 0.255000 0.568125 0.023333 0.021250
58 0.510833 0.573125 0.031667 0.031250
58 0.742500 0.581250 0.051667 0.030000
58 0.835833 0.613125 0.021667 0.013750
58 0.523333 0.629375 0.030000 0.016250
58 0.828333 0.644375 0.033333 0.023750
58 0.500000 0.672500 0.013333 0.007500
58 0.967500 0.748125 0.015000 0.011250
58 0.233333 0.758125 0.043333 0.021250
58 0.852500 0.767500 0.008333 0.012500
58 0.792500 0.787500 0.015000 0.020000
58 0.500000 0.848125 0.016667 0.013750
58 0.543333 0.871875 0.020000 0.016250
58 0.561667 0.919375 0.036667 0.021250
58 0.324167 0.950625 0.015000 0.018750
58 0.610833 0.962500 0.035000 0.032500
58 0.503333 0.969375 0.050000 0.036250