58 0.368821 0.012723 0.041825 0.025445
58 0.511407 0.019084 0.026616 0.038168
58 0.709125 0.015267 0.019011 0.030534
58 0.866920 0.012723 0.038023 0.025445
58 0.827947 0.081425 0.199620 0.142494
58 0.409696 0.025445 0.020913 0.020356
58 0.439163 0.026718 0.015209 0.017812
58 0.659696 0.025445 0.022814 0.020356
58 0.573194 0.057252 0.032319 0.038168
58 0.622624 0.063613 0.062738 0.045802
58 0.753802 0.047074 0.017110 0.012723
58 0.903992 0.083969 0.028517 0.035623
58 0.980038 0.097964 0.039924 0.048346
58 0.401141 0.115776 0.034221 0.053435
58 0.499049 0.122137 0.024715 0.030534
58 0.953422 0.146310 0.036122 0.027990
58 0.799430 0.160305 0.032319 0.045802
58 0.893536 0.156489 0.034221 0.033079
58 0.991445 0.153944 0.017110 0.027990
58 0.338403 0.153944 0.022814 0.022901
58 0.583650 0.160305 0.026616 0.030534
58 0.720532 0.185751 0.041825 0.030534
58 0.389734 0.193384 0.022814 0.030534
58 0.761407 0.202290 0.024715 0.022901
58 0.877376 0.209924 0.039924 0.043257
58 0.962928 0.211196 0.028517 0.035623
58 0.659696 0.255725 0.087452 0.104326
58 0.428707 0.227735 0.036122 0.033079
58 0.462928 0.229008 0.020913 0.030534
58 0.521863 0.234097 0.036122 0.040712
58 0.788973 0.243003 0.026616 0.033079
58 0.216730 0.245547 0.015209 0.022901
58 0.895437 0.279898 0.022814 0.050891
58 0.125475 0.272265 0.030418 0.025445
58 0.234791 0.272265 0.020913 0.025445
58 0.363118 0.278626 0.030418 0.033079
58 0.807034 0.292621 0.036122 0.040712
58 0.255703 0.334606 0.024715 0.017812
58 0.368821 0.333333 0.026616 0.015267
58 0.453422 0.346056 0.032319 0.035623
58 0.610266 0.348601 0.057034 0.035623
58 0.504753 0.347328 0.017110 0.012723
58 0.188213 0.379135 0.015209 0.030534
58 0.668251 0.372774 0.024715 0.022901
58 0.884030 0.379135 0.026616 0.035623
58 0.469582 0.377863 0.034221 0.022901
58 0.568441 0.388041 0.034221 0.043257
58 0.699620 0.381679 0.026616 0.030534
58 0.118821 0.391858 0.043726 0.030534
58 0.643536 0.403308 0.089354 0.043257
58 0.980038 0.428753 0.036122 0.089059
58 0.828897 0.431298 0.079848 0.073791
58 0.492395 0.421120 0.019011 0.022901
58 0.256654 0.435115 0.026616 0.035623
58 0.562738 0.436387 0.041825 0.033079
58 0.138783 0.455471 0.022814 0.025445
58 0.335551 0.464377 0.024715 0.033079
58 0.186312 0.475827 0.038023 0.045802
58 0.899240 0.498728 0.045627 0.030534
58 0.567490 0.505089 0.024715 0.017812
58 0.951521 0.517812 0.028517 0.027990
58 0.372624 0.539440 0.034221 0.050891
58 0.720532 0.534351 0.041825 0.040712
58 0.551331 0.539440 0.019011 0.025445
58 0.652091 0.567430 0.022814 0.030534
58 0.499049 0.633588 0.066540 0.096692
58 0.255703 0.653944 0.066540 0.106870
58 0.714829 0.678117 0.190114 0.129771
58 0.423954 0.650127 0.060837 0.063613
58 0.598859 0.645038 0.038023 0.053435
58 0.334601 0.662850 0.026616 0.038168
58 0.559886 0.736641 0.081749 0.083969
58 0.386882 0.722646 0.017110 0.025445
58 0.326996 0.762087 0.053232 0.083969
58 0.360266 0.758270 0.017110 0.020356
58 0.425856 0.821883 0.034221 0.086514
58 0.359316 0.871501 0.083650 0.099237