2 0.275276 0.937960 0.090993 0.054228
2 0.658088 0.628676 0.068015 0.086397
2 0.192096 0.599265 0.093750 0.137868
2 0.158088 0.621783 0.056985 0.096507
0 0.418199 0.711857 0.411765 0.396140
0 0.772978 0.322610 0.433824 0.558824
0 0.264706 0.916820 0.047794 0.034007
0 0.617647 0.615809 0.044118 0.047794
2 0.581342 0.789982 0.015625 0.017463
2 0.181526 0.458180 0.013787 0.010110
0 0.147059 0.552390 0.018382 0.020221
2 0.156710 0.522978 0.010110 0.016544
2 0.212316 0.420037 0.022059 0.016544
0 0.216912 0.664982 0.038603 0.030331
0 0.445772 0.460018 0.235294 0.173713
0 0.472886 0.288603 0.124081 0.163603
0 0.688879 0.633272 0.026654 0.027574
