5 0.34555555555555556 0.16919739696312364 0.20222222222222222 0.28633405639913234
5 0.14222222222222222 0.2017353579175705 0.14222222222222222 0.26898047722342733
5 0.22555555555555556 0.4316702819956616 0.2644444444444444 0.16919739696312364
5 0.16 0.658351409978308 0.14222222222222222 0.227765726681128
5 0.3611111111111111 0.7255965292841648 0.23333333333333334 0.18872017353579176
5 0.5733333333333334 0.5422993492407809 0.26222222222222225 0.1561822125813449
5 0.8311111111111111 0.6268980477223427 0.29777777777777775 0.1735357917570499
5 0.8 0.8167028199566161 0.16 0.210412147505423
5 0.6 0.764642082429501 0.13777777777777778 0.2668112798264642
5 0.8355555555555556 0.23752711496746204 0.16 0.25813449023861174
5 0.6066666666666667 0.14967462039045554 0.17777777777777778 0.20824295010845986
5 0.6077777777777778 0.3199566160520607 0.2644444444444444 0.14099783080260303
5 0.21 0.8459869848156182 0.14444444444444443 0.11713665943600868