10 0.29555555555555557 0.18109339407744876 0.4311111111111111 0.2847380410022779
10 0.68 0.31890660592255127 0.4444444444444444 0.26879271070615035
10 0.71 0.2072892938496583 0.31777777777777777 0.296127562642369
10 0.31444444444444447 0.4908883826879271 0.36666666666666664 0.16173120728929385
10 0.4777777777777778 0.4521640091116173 0.32 0.13439635535307518
10 0.21555555555555556 0.7323462414578588 0.25333333333333335 0.357630979498861
10 0.3322222222222222 0.7164009111617312 0.24666666666666667 0.27107061503416857
10 0.8555555555555555 0.6788154897494305 0.15555555555555556 0.3462414578587699
10 0.7211111111111111 0.7824601366742597 0.12222222222222222 0.23462414578587698
10 0.6888888888888889 0.6799544419134397 0.29333333333333333 0.24829157175398633
10 0.57 0.6400911161731208 0.2822222222222222 0.1275626423690205