10 0.19766666666666666 0.17789553368660105 0.298 0.28160484481453446
10 0.551 0.2040121120363361 0.25666666666666665 0.30507191521574567
10 0.44633333333333336 0.2721423164269493 0.23666666666666666 0.1566994700984103
10 0.824 0.19530658591975775 0.28 0.323996971990916
10 0.8713333333333333 0.6461014383043149 0.14666666666666667 0.489780469341408
10 0.5653333333333334 0.7744133232399697 0.4026666666666667 0.23012869038607117
10 0.623 0.5283875851627555 0.23133333333333334 0.19227857683573052
10 0.637 0.4549583648750946 0.23933333333333334 0.12112036336109008
10 0.49633333333333335 0.5446631339894019 0.11666666666666667 0.19606358819076458
10 0.21866666666666668 0.45420136260408783 0.34933333333333333 0.12566237698713095
10 0.20566666666666666 0.38758516275548827 0.27666666666666667 0.09689629068887207
10 0.23633333333333334 0.6385314155942468 0.32866666666666666 0.17183951551854657
10 0.13466666666666666 0.7827403482210447 0.18133333333333335 0.22255866767600302
10 0.29133333333333333 0.7573807721423165 0.208 0.13247539742619227