18 0.31217277486910994 0.643760907504363 0.2238219895287958 0.30410122164048864
18 0.33851439790575916 0.4081588132635253 0.18357329842931938 0.20724258289703315
18 0.4993455497382199 0.6053664921465969 0.17408376963350786 0.299738219895288
18 0.7982657068062827 0.28512216404886565 0.2712696335078534 0.2587260034904014
18 0.5647905759162304 0.3054101221640489 0.22905759162303665 0.23821989528795812
18 0.7277486910994765 0.10972949389179755 0.21727748691099477 0.21858638743455497
18 0.9069044502617801 0.4293193717277487 0.16982984293193717 0.19546247818499127
18 0.8516034031413613 0.5868237347294939 0.1731020942408377 0.19284467713787085
18 0.7765052356020943 0.44480802792321117 0.12892670157068062 0.13656195462478185
18 0.41492146596858637 0.8804537521815009 0.21858638743455497 0.23909249563699825
18 0.18913612565445026 0.8994328097731239 0.16753926701570682 0.20113438045375218
18 0.17801047120418848 0.7340750436300174 0.149869109947644 0.168848167539267
18 0.3036649214659686 0.8536212914485166 0.14332460732984292 0.18891797556719023
18 0.5528468586387435 0.831151832460733 0.21106020942408377 0.3150087260034904