2 0.28125 0.9310661765624999 0.26930147031249996 0.9365808828125 0.257352940625 0.934742646875 0.24908088281250002 0.924632353125 0.23988970625 0.9108455875000001 0.2325367640625 0.9145220593750001 0.22977941249999997 0.921875 0.23897058750000003 0.9365808828125 0.242647059375 0.9522058828125 0.30698529375 0.9650735296875 0.320772059375 0.9512867640625 0.304227940625 0.9329044124999999 0.294117646875 0.9329044124999999 0.28125 0.9310661765624999
2 0.6599264703125 0.6231617640625 0.6314338234375 0.5854779406249999 0.6240808828125 0.5873161765625 0.6488970593750001 0.61948529375 0.6636029406249999 0.643382353125 0.6672794125 0.6626838234375 0.67738970625 0.671875 0.6920955875 0.6452205875 0.6755514703125 0.640625 0.67738970625 0.6240808828125 0.6599264703125 0.6231617640625
2 0.1452205875 0.5376838234375 0.23897058750000003 0.6681985296875 0.23805147031249999 0.65625 0.1498161765625 0.5303308828125 0.1452205875 0.5376838234375
2 0.17095588281250002 0.66176470625 0.1764705875 0.6525735296875 0.18658088281250002 0.6516544125 0.1783088234375 0.6443014703125 0.1672794125 0.6415441171875 0.15625 0.6443014703125 0.148897059375 0.640625 0.14246323593750002 0.6341911765625 0.1452205875 0.6295955875 0.143382353125 0.6213235296875 0.1369485296875 0.6139705875 0.1369485296875 0.6056985296875 0.140625 0.5955882359375 0.1452205875 0.58363970625 0.14154411718749998 0.5772058828125 0.1314338234375 0.5735294125 0.132352940625 0.5854779406249999 0.1314338234375 0.5974264703125 0.1295955875 0.606617646875 0.133272059375 0.6167279406249999 0.133272059375 0.6286764703125 0.1295955875 0.6415441171875 0.1360294125 0.6544117640625 0.1360294125 0.6681985296875 0.1443014703125 0.6700367640625 0.15625 0.669117646875 0.17095588281250002 0.66176470625
0 0.2977941171875 0.5928308828125 0.29136029375 0.6167279406249999 0.24908088281250002 0.609375 0.227022059375 0.61948529375 0.22977941249999997 0.6314338234375 0.23713235312499997 0.64613970625 0.24908088281250002 0.6580882359375 0.2876838234375 0.6544117640625 0.3391544125 0.6700367640625 0.3704044125 0.69301470625 0.346507353125 0.7306985296875 0.32261029375 0.7435661765625 0.29136029375 0.74448529375 0.2509191171875 0.731617646875 0.22426470625 0.7389705875 0.2123161765625 0.75551470625 0.22242647031249999 0.84926470625 0.26930147031249996 0.8869485296875 0.3345588234375 0.9099264703125 0.39613970625 0.8051470593750001 0.4393382359375 0.7702205875 0.4577205875 0.734375 0.50551470625 0.7104779406249999 0.5422794125 0.7297794125 0.6130514703125 0.7012867640625 0.6240808828125 0.659007353125 0.5744485296875 0.6204044125 0.5220588234375 0.5542279406249999 0.265625 0.5137867640625 0.25367647031249996 0.528492646875 0.272977940625 0.5477941171875 0.29319852968750004 0.5643382359375 0.2977941171875 0.5928308828125
0 0.6231617640625 0.10018382343750001 0.5919117640625 0.096507353125 0.5955882359375 0.11856617656249999 0.612132353125 0.1341911765625 0.5955882359375 0.15441176406249998 0.5955882359375 0.1755514703125 0.5707720593750001 0.194852940625 0.5560661765625 0.21599264687500003 0.5955882359375 0.27573529375 0.6488970593750001 0.2509191171875 0.6626838234375 0.299632353125 0.7150735296875 0.3189338234375 0.6084558828125 0.4384191171875 0.58823529375 0.4595588234375 0.5891544125 0.5009191171875 0.5579044125 0.5330882359375 0.5735294125 0.5670955875 0.669117646875 0.56801470625 0.7261029406249999 0.6020220593750001 0.8198529406249999 0.4834558828125 0.8924632359375 0.3575367640625 0.9641544124999999 0.210477940625 0.9834558828125 0.147977940625 0.98988970625 0.10753676406249998 0.7334558828125 0.0431985296875 0.7279411765625 0.086397059375 0.6966911765625 0.086397059375 0.6875 0.101102940625 0.659007353125 0.11121323593750002 0.6231617640625 0.10018382343750001
0 0.2408088234375 0.909007353125 0.2509191171875 0.9255514703125 0.26194852968750004 0.9338235296875 0.273897059375 0.9329044124999999 0.288602940625 0.9301470593750001 0.28676470625 0.9108455875000001 0.2665441171875 0.9025735296875 0.24448529375 0.8998161765624999 0.2408088234375 0.909007353125
0 0.6130514703125 0.5919117640625 0.5955882359375 0.6020220593750001 0.5955882359375 0.625 0.609375 0.6397058828125 0.6314338234375 0.63511029375 0.6397058828125 0.6075367640625 0.6286764703125 0.5955882359375 0.6130514703125 0.5919117640625
2 0.5772058828125 0.7987132359375 0.5891544125 0.78125 0.5799632359375 0.78125 0.5744485296875 0.7849264703125 0.5735294125 0.7950367640625 0.5772058828125 0.7987132359375
2 0.18841911718749998 0.4595588234375 0.18198529375 0.453125 0.174632353125 0.4623161765625 0.1838235296875 0.46323529375000005 0.18841911718749998 0.4595588234375
0 0.1452205875 0.5422794125 0.137867646875 0.5551470593750001 0.1452205875 0.5625 0.15625 0.559742646875 0.15533088281250002 0.5533088234375 0.1452205875 0.5422794125
2 0.16176470625 0.5202205875 0.153492646875 0.5147058828125 0.1516544125 0.53125 0.1599264703125 0.5294117640625 0.16176470625 0.5202205875
2 0.211397059375 0.41819852968750004 0.20772058750000003 0.41176470624999995 0.2012867640625 0.4200367640625 0.2123161765625 0.4283088234375 0.21966911718749998 0.42738970624999995 0.22334558750000003 0.4209558828125 0.211397059375 0.41819852968750004
0 0.21415441249999997 0.6801470593750001 0.234375 0.674632353125 0.2362132359375 0.6681985296875 0.22334558750000003 0.6516544125 0.2049632359375 0.6498161765625 0.19761029375 0.6608455875 0.20036764687500003 0.6755514703125 0.21415441249999997 0.6801470593750001
0 0.5487132359375 0.5404411765625 0.5634191171875 0.52113970625 0.5606617640625 0.5045955875 0.5477941171875 0.497242646875 0.549632353125 0.4862132359375 0.5588235296875 0.465992646875 0.5477941171875 0.4549632359375 0.5358455875 0.4466911765625 0.54136029375 0.4375 0.5459558828125 0.4227941171875 0.534007353125 0.41176470624999995 0.515625 0.40992647031249996 0.487132353125 0.4237132359375 0.4549632359375 0.4200367640625 0.42922794062499997 0.40992647031249996 0.41360294062499997 0.3731617640625 0.39613970625 0.383272059375 0.366727940625 0.3795955875 0.33823529375 0.38051470625 0.328125 0.39613970625 0.352022059375 0.4154411765625 0.375 0.4329044125 0.351102940625 0.4595588234375 0.3391544125 0.481617646875 0.36305147031249996 0.49448529375000005 0.3915441171875 0.48805147031249996 0.3897058828125 0.5036764703125 0.434742646875 0.5321691171875 0.49448529375000005 0.5450367640625 0.5009191171875 0.546875 0.5294117640625 0.5459558828125 0.5487132359375 0.5404411765625
0 0.5147058828125 0.3685661765625 0.5349264703125 0.359375 0.53125 0.335477940625 0.512867646875 0.3272058828125 0.4834558828125 0.32261029375 0.46875 0.30698529375 0.47886029375000005 0.30055147031249996 0.49632352968750004 0.289522059375 0.4935661765625 0.272977940625 0.4797794125 0.262867646875 0.4834558828125 0.24908088281250002 0.4990808828125 0.23988970625 0.4981617640625 0.22150735312499997 0.4797794125 0.20680147031249999 0.46047794062499997 0.21323529375 0.46139705937500003 0.23988970625 0.4512867640625 0.26011029375 0.44117647031249996 0.2830882359375 0.4485294125 0.3033088234375 0.4356617640625 0.3134191171875 0.41360294062499997 0.340992646875 0.4108455875 0.36305147031249996 0.43014705937500003 0.3704044125 0.44761029375000005 0.3612132359375 0.4669117640625 0.34742647031249996 0.4825367640625 0.352022059375 0.49632352968750004 0.3602941171875 0.5147058828125 0.3685661765625
0 0.6792279406249999 0.643382353125 0.6911764703125 0.6470588234375 0.7022058828125 0.63051470625 0.6884191171875 0.622242646875 0.67738970625 0.61948529375 0.6755514703125 0.6341911765625 0.6792279406249999 0.643382353125